(kicad_pcb (version 20171130) (host pcbnew "(5.1.5)-3")

  (general
    (thickness 1.6)
    (drawings 8)
    (tracks 63)
    (zones 0)
    (modules 76)
    (nets 86)
  )

  (page A4)
  (layers
    (0 F.Cu signal)
    (1 In1.Cu signal)
    (2 In2.Cu signal)
    (31 B.Cu signal)
    (32 B.Adhes user)
    (33 F.Adhes user)
    (34 B.Paste user)
    (35 F.Paste user)
    (36 B.SilkS user)
    (37 F.SilkS user)
    (38 B.Mask user)
    (39 F.Mask user)
    (40 Dwgs.User user)
    (41 Cmts.User user)
    (42 Eco1.User user)
    (43 Eco2.User user)
    (44 Edge.Cuts user hide)
    (45 Margin user)
    (46 B.CrtYd user)
    (47 F.CrtYd user)
    (48 B.Fab user)
    (49 F.Fab user hide)
  )

  (setup
    (last_trace_width 0.254)
    (user_trace_width 0.254)
    (user_trace_width 1.016)
    (user_trace_width 2.286)
    (user_trace_width 2.54)
    (trace_clearance 0.2)
    (zone_clearance 0.381)
    (zone_45_only no)
    (trace_min 0.2286)
    (via_size 0.8)
    (via_drill 0.4)
    (via_min_size 0.4)
    (via_min_drill 0.3)
    (uvia_size 0.3)
    (uvia_drill 0.1)
    (uvias_allowed no)
    (uvia_min_size 0.2)
    (uvia_min_drill 0.1)
    (edge_width 0.05)
    (segment_width 0.2)
    (pcb_text_width 0.3)
    (pcb_text_size 1.5 1.5)
    (mod_edge_width 0.12)
    (mod_text_size 1 1)
    (mod_text_width 0.15)
    (pad_size 1.524 1.524)
    (pad_drill 0.762)
    (pad_to_mask_clearance 0.051)
    (solder_mask_min_width 0.25)
    (aux_axis_origin 0 0)
    (visible_elements 7FFFFFFF)
    (pcbplotparams
      (layerselection 0x010fc_ffffffff)
      (usegerberextensions false)
      (usegerberattributes false)
      (usegerberadvancedattributes false)
      (creategerberjobfile false)
      (excludeedgelayer true)
      (linewidth 0.100000)
      (plotframeref false)
      (viasonmask false)
      (mode 1)
      (useauxorigin false)
      (hpglpennumber 1)
      (hpglpenspeed 20)
      (hpglpendiameter 15.000000)
      (psnegative false)
      (psa4output false)
      (plotreference true)
      (plotvalue true)
      (plotinvisibletext false)
      (padsonsilk false)
      (subtractmaskfromsilk false)
      (outputformat 1)
      (mirror false)
      (drillshape 1)
      (scaleselection 1)
      (outputdirectory ""))
  )

  (net 0 "")
  (net 1 "Net-(C1-Pad2)")
  (net 2 "Net-(C1-Pad1)")
  (net 3 "Net-(C2-Pad1)")
  (net 4 "Net-(C3-Pad1)")
  (net 5 /AISENN)
  (net 6 GND)
  (net 7 "Net-(C8-Pad1)")
  (net 8 /BISENN)
  (net 9 /VDRAIN)
  (net 10 "Net-(C17-Pad1)")
  (net 11 /CISENN)
  (net 12 /DISENN)
  (net 13 "Net-(D1-Pad2)")
  (net 14 "Net-(D2-Pad2)")
  (net 15 VCC)
  (net 16 /ALG)
  (net 17 /BHG)
  (net 18 /BLG)
  (net 19 /CHG)
  (net 20 /CLG)
  (net 21 /DHG)
  (net 22 /DLG)
  (net 23 /A)
  (net 24 /B)
  (net 25 /C)
  (net 26 /D)
  (net 27 "Net-(C10-Pad1)")
  (net 28 /DISENP)
  (net 29 /AISENP)
  (net 30 /CISENP)
  (net 31 /BISENP)
  (net 32 "Net-(C9-Pad1)")
  (net 33 "Net-(C15-Pad1)")
  (net 34 "Net-(C16-Pad1)")
  (net 35 "Net-(C25-Pad1)")
  (net 36 "Net-(C26-Pad1)")
  (net 37 "Net-(C28-Pad1)")
  (net 38 "Net-(U3-Pad1)")
  (net 39 "Net-(U3-Pad2)")
  (net 40 "Net-(U3-Pad3)")
  (net 41 "Net-(U3-Pad4)")
  (net 42 "Net-(U3-Pad5)")
  (net 43 "Net-(U3-Pad6)")
  (net 44 "Net-(U3-Pad7)")
  (net 45 "Net-(U3-Pad8)")
  (net 46 "Net-(U3-Pad9)")
  (net 47 "Net-(U3-Pad10)")
  (net 48 "Net-(U3-Pad11)")
  (net 49 "Net-(U3-Pad12)")
  (net 50 "Net-(U3-Pad13)")
  (net 51 "Net-(U3-Pad14)")
  (net 52 "Net-(U3-Pad15)")
  (net 53 "Net-(U3-Pad16)")
  (net 54 "Net-(U3-Pad17)")
  (net 55 "Net-(U3-Pad18)")
  (net 56 "Net-(U3-Pad19)")
  (net 57 "Net-(U3-Pad20)")
  (net 58 "Net-(U3-Pad21)")
  (net 59 "Net-(U3-Pad22)")
  (net 60 "Net-(U3-Pad23)")
  (net 61 "Net-(U3-Pad24)")
  (net 62 "Net-(U3-Pad46)")
  (net 63 "Net-(U3-Pad26)")
  (net 64 "Net-(U3-Pad41)")
  (net 65 "Net-(U3-Pad43)")
  (net 66 "Net-(U3-Pad32)")
  (net 67 "Net-(U3-Pad40)")
  (net 68 "Net-(U3-Pad39)")
  (net 69 "Net-(U3-Pad31)")
  (net 70 "Net-(U3-Pad37)")
  (net 71 "Net-(U3-Pad36)")
  (net 72 "Net-(U3-Pad33)")
  (net 73 "Net-(U3-Pad29)")
  (net 74 "Net-(U3-Pad27)")
  (net 75 "Net-(U3-Pad48)")
  (net 76 "Net-(U3-Pad47)")
  (net 77 "Net-(U3-Pad45)")
  (net 78 "Net-(U3-Pad25)")
  (net 79 "Net-(U3-Pad44)")
  (net 80 "Net-(U3-Pad30)")
  (net 81 "Net-(U3-Pad28)")
  (net 82 "Net-(U3-Pad38)")
  (net 83 "Net-(U3-Pad35)")
  (net 84 "Net-(U3-Pad42)")
  (net 85 "Net-(U3-Pad34)")

  (net_class Default "This is the default net class."
    (clearance 0.2)
    (trace_width 0.25)
    (via_dia 0.8)
    (via_drill 0.4)
    (uvia_dia 0.3)
    (uvia_drill 0.1)
    (add_net /A)
    (add_net /AISENN)
    (add_net /AISENP)
    (add_net /ALG)
    (add_net /B)
    (add_net /BHG)
    (add_net /BISENN)
    (add_net /BISENP)
    (add_net /BLG)
    (add_net /C)
    (add_net /CHG)
    (add_net /CISENN)
    (add_net /CISENP)
    (add_net /CLG)
    (add_net /D)
    (add_net /DHG)
    (add_net /DISENN)
    (add_net /DISENP)
    (add_net /DLG)
    (add_net /VDRAIN)
    (add_net GND)
    (add_net "Net-(C1-Pad1)")
    (add_net "Net-(C1-Pad2)")
    (add_net "Net-(C10-Pad1)")
    (add_net "Net-(C15-Pad1)")
    (add_net "Net-(C16-Pad1)")
    (add_net "Net-(C17-Pad1)")
    (add_net "Net-(C2-Pad1)")
    (add_net "Net-(C25-Pad1)")
    (add_net "Net-(C26-Pad1)")
    (add_net "Net-(C28-Pad1)")
    (add_net "Net-(C3-Pad1)")
    (add_net "Net-(C8-Pad1)")
    (add_net "Net-(C9-Pad1)")
    (add_net "Net-(D1-Pad2)")
    (add_net "Net-(D2-Pad2)")
    (add_net "Net-(U3-Pad1)")
    (add_net "Net-(U3-Pad10)")
    (add_net "Net-(U3-Pad11)")
    (add_net "Net-(U3-Pad12)")
    (add_net "Net-(U3-Pad13)")
    (add_net "Net-(U3-Pad14)")
    (add_net "Net-(U3-Pad15)")
    (add_net "Net-(U3-Pad16)")
    (add_net "Net-(U3-Pad17)")
    (add_net "Net-(U3-Pad18)")
    (add_net "Net-(U3-Pad19)")
    (add_net "Net-(U3-Pad2)")
    (add_net "Net-(U3-Pad20)")
    (add_net "Net-(U3-Pad21)")
    (add_net "Net-(U3-Pad22)")
    (add_net "Net-(U3-Pad23)")
    (add_net "Net-(U3-Pad24)")
    (add_net "Net-(U3-Pad25)")
    (add_net "Net-(U3-Pad26)")
    (add_net "Net-(U3-Pad27)")
    (add_net "Net-(U3-Pad28)")
    (add_net "Net-(U3-Pad29)")
    (add_net "Net-(U3-Pad3)")
    (add_net "Net-(U3-Pad30)")
    (add_net "Net-(U3-Pad31)")
    (add_net "Net-(U3-Pad32)")
    (add_net "Net-(U3-Pad33)")
    (add_net "Net-(U3-Pad34)")
    (add_net "Net-(U3-Pad35)")
    (add_net "Net-(U3-Pad36)")
    (add_net "Net-(U3-Pad37)")
    (add_net "Net-(U3-Pad38)")
    (add_net "Net-(U3-Pad39)")
    (add_net "Net-(U3-Pad4)")
    (add_net "Net-(U3-Pad40)")
    (add_net "Net-(U3-Pad41)")
    (add_net "Net-(U3-Pad42)")
    (add_net "Net-(U3-Pad43)")
    (add_net "Net-(U3-Pad44)")
    (add_net "Net-(U3-Pad45)")
    (add_net "Net-(U3-Pad46)")
    (add_net "Net-(U3-Pad47)")
    (add_net "Net-(U3-Pad48)")
    (add_net "Net-(U3-Pad5)")
    (add_net "Net-(U3-Pad6)")
    (add_net "Net-(U3-Pad7)")
    (add_net "Net-(U3-Pad8)")
    (add_net "Net-(U3-Pad9)")
    (add_net VCC)
  )

  (module Resistor_SMD:R_0603_1608Metric_Pad1.05x0.95mm_HandSolder (layer F.Cu) (tedit 5B301BBD) (tstamp 60F4701D)
    (at 45.7 30.995001 270)
    (descr "Resistor SMD 0603 (1608 Metric), square (rectangular) end terminal, IPC_7351 nominal with elongated pad for handsoldering. (Body size source: http://www.tortai-tech.com/upload/download/2011102023233369053.pdf), generated with kicad-footprint-generator")
    (tags "resistor handsolder")
    (path /61D41D12)
    (attr smd)
    (fp_text reference R23 (at -0.15 3 90) (layer F.SilkS)
      (effects (font (size 1 1) (thickness 0.15)))
    )
    (fp_text value R (at 0 1.43 90) (layer F.Fab)
      (effects (font (size 1 1) (thickness 0.15)))
    )
    (fp_line (start -0.8 0.4) (end -0.8 -0.4) (layer F.Fab) (width 0.1))
    (fp_line (start -0.8 -0.4) (end 0.8 -0.4) (layer F.Fab) (width 0.1))
    (fp_line (start 0.8 -0.4) (end 0.8 0.4) (layer F.Fab) (width 0.1))
    (fp_line (start 0.8 0.4) (end -0.8 0.4) (layer F.Fab) (width 0.1))
    (fp_line (start -0.171267 -0.51) (end 0.171267 -0.51) (layer F.SilkS) (width 0.12))
    (fp_line (start -0.171267 0.51) (end 0.171267 0.51) (layer F.SilkS) (width 0.12))
    (fp_line (start -1.65 0.73) (end -1.65 -0.73) (layer F.CrtYd) (width 0.05))
    (fp_line (start -1.65 -0.73) (end 1.65 -0.73) (layer F.CrtYd) (width 0.05))
    (fp_line (start 1.65 -0.73) (end 1.65 0.73) (layer F.CrtYd) (width 0.05))
    (fp_line (start 1.65 0.73) (end -1.65 0.73) (layer F.CrtYd) (width 0.05))
    (fp_text user %R (at 0 0 90) (layer F.Fab)
      (effects (font (size 0.4 0.4) (thickness 0.06)))
    )
    (pad 1 smd roundrect (at -0.875 0 270) (size 1.05 0.95) (layers F.Cu F.Paste F.Mask) (roundrect_rratio 0.25)
      (net 14 "Net-(D2-Pad2)"))
    (pad 2 smd roundrect (at 0.875 0 270) (size 1.05 0.95) (layers F.Cu F.Paste F.Mask) (roundrect_rratio 0.25)
      (net 9 /VDRAIN))
    (model ${KISYS3DMOD}/Resistor_SMD.3dshapes/R_0603_1608Metric.wrl
      (at (xyz 0 0 0))
      (scale (xyz 1 1 1))
      (rotate (xyz 0 0 0))
    )
  )

  (module sDrive_Carriers:PowerStage_Carrier_L locked (layer F.Cu) (tedit 60F354FE) (tstamp 60F6CECE)
    (at 0 0)
    (path /61EFB065)
    (fp_text reference U3 (at -5.75 -15.019) (layer F.SilkS)
      (effects (font (size 1 1) (thickness 0.15)))
    )
    (fp_text value PowerStage_L (at 0.5 -0.8) (layer F.Fab)
      (effects (font (size 1 1) (thickness 0.15)))
    )
    (fp_circle (center 69.54 4.45) (end 72.29 4.45) (layer Dwgs.User) (width 0.12))
    (fp_circle (center 52.04 4.45) (end 54.79 4.45) (layer Dwgs.User) (width 0.12))
    (fp_circle (center 34.54 4.45) (end 37.29 4.45) (layer Dwgs.User) (width 0.12))
    (fp_circle (center 17.04 4.45) (end 19.79 4.45) (layer Dwgs.User) (width 0.12))
    (fp_line (start 72.5 14) (end 72.51 20.75) (layer Dwgs.User) (width 0.12))
    (fp_line (start 55 14) (end 55.01 20.75) (layer Dwgs.User) (width 0.12))
    (fp_line (start 37.5 14) (end 37.51 20.75) (layer Dwgs.User) (width 0.12))
    (fp_line (start 20 14) (end 20.01 20.75) (layer Dwgs.User) (width 0.12))
    (fp_line (start 72.5 1) (end 72.51 7.75) (layer Dwgs.User) (width 0.12))
    (fp_line (start 55 1) (end 55.01 7.75) (layer Dwgs.User) (width 0.12))
    (fp_line (start 37.5 1) (end 37.51 7.75) (layer Dwgs.User) (width 0.12))
    (fp_line (start 72.51 20.75) (end 78.01 20.75) (layer Dwgs.User) (width 0.12))
    (fp_line (start 55.01 20.75) (end 60.51 20.75) (layer Dwgs.User) (width 0.12))
    (fp_line (start 37.51 20.75) (end 43.01 20.75) (layer Dwgs.User) (width 0.12))
    (fp_line (start 20.01 20.75) (end 25.51 20.75) (layer Dwgs.User) (width 0.12))
    (fp_line (start 72.51 7.75) (end 78.01 7.75) (layer Dwgs.User) (width 0.12))
    (fp_line (start 55.01 7.75) (end 60.51 7.75) (layer Dwgs.User) (width 0.12))
    (fp_line (start 37.51 7.75) (end 43.01 7.75) (layer Dwgs.User) (width 0.12))
    (fp_line (start 78.01 14) (end 78.01 20.75) (layer Dwgs.User) (width 0.12))
    (fp_line (start 60.51 14) (end 60.51 20.75) (layer Dwgs.User) (width 0.12))
    (fp_line (start 43.01 14) (end 43.01 20.75) (layer Dwgs.User) (width 0.12))
    (fp_line (start 25.51 14) (end 25.51 20.75) (layer Dwgs.User) (width 0.12))
    (fp_line (start 78.01 1) (end 78.01 7.75) (layer Dwgs.User) (width 0.12))
    (fp_line (start 60.51 1) (end 60.51 7.75) (layer Dwgs.User) (width 0.12))
    (fp_line (start 43.01 1) (end 43.01 7.75) (layer Dwgs.User) (width 0.12))
    (fp_line (start 72.5 14) (end 78 14) (layer Dwgs.User) (width 0.12))
    (fp_line (start 55 14) (end 60.5 14) (layer Dwgs.User) (width 0.12))
    (fp_line (start 37.5 14) (end 43 14) (layer Dwgs.User) (width 0.12))
    (fp_line (start 20 14) (end 25.5 14) (layer Dwgs.User) (width 0.12))
    (fp_line (start 72.5 1) (end 78 1) (layer Dwgs.User) (width 0.12))
    (fp_line (start 55 1) (end 60.5 1) (layer Dwgs.User) (width 0.12))
    (fp_line (start 37.5 1) (end 43 1) (layer Dwgs.User) (width 0.12))
    (fp_line (start 25.51 1) (end 25.51 7.75) (layer Dwgs.User) (width 0.12))
    (fp_line (start 20 1) (end 20.01 7.75) (layer Dwgs.User) (width 0.12))
    (fp_line (start 20.01 7.75) (end 25.51 7.75) (layer Dwgs.User) (width 0.12))
    (fp_line (start 20 1) (end 25.5 1) (layer Dwgs.User) (width 0.12))
    (fp_circle (center 68 30) (end 73.5 30) (layer Dwgs.User) (width 0.12))
    (fp_circle (center 22 30) (end 27.5 30) (layer Dwgs.User) (width 0.12))
    (fp_line (start 62.5 0) (end 62.5 35) (layer Dwgs.User) (width 0.12))
    (fp_line (start 45 0) (end 45 35) (layer Dwgs.User) (width 0.12))
    (fp_line (start 27.5 0) (end 27.5 35) (layer Dwgs.User) (width 0.12))
    (fp_line (start 80 0) (end 80 35) (layer Dwgs.User) (width 0.12))
    (fp_arc (start 86.995 33.02) (end 86.995 36.02) (angle -90) (layer Dwgs.User) (width 0.12))
    (fp_arc (start 3 33) (end 0 33) (angle -90) (layer Dwgs.User) (width 0.12))
    (fp_arc (start 87 3) (end 90 3) (angle -90) (layer Dwgs.User) (width 0.12))
    (fp_line (start 90 3) (end 90 33) (layer Dwgs.User) (width 0.12))
    (fp_line (start 45 3) (end 45 33) (layer Dwgs.User) (width 0.12))
    (fp_line (start 3 36) (end 87 36) (layer Dwgs.User) (width 0.12))
    (fp_line (start 3 18) (end 87 18) (layer Dwgs.User) (width 0.12))
    (fp_arc (start 3 3) (end 3 0) (angle -90) (layer Dwgs.User) (width 0.12))
    (fp_line (start 3 0) (end 87 0) (layer Dwgs.User) (width 0.12))
    (fp_line (start 0 3) (end 0 33) (layer Dwgs.User) (width 0.12))
    (fp_line (start 10 0) (end 10 35) (layer Dwgs.User) (width 0.12))
    (pad 1 thru_hole circle (at 3.74 4.01) (size 1.7 1.7) (drill 1) (layers *.Cu *.Mask)
      (net 38 "Net-(U3-Pad1)"))
    (pad 2 thru_hole circle (at 6.28 4.01) (size 1.7 1.7) (drill 1) (layers *.Cu *.Mask)
      (net 39 "Net-(U3-Pad2)"))
    (pad 3 thru_hole circle (at 3.74 6.55) (size 1.7 1.7) (drill 1) (layers *.Cu *.Mask)
      (net 40 "Net-(U3-Pad3)"))
    (pad 4 thru_hole circle (at 6.28 6.55) (size 1.7 1.7) (drill 1) (layers *.Cu *.Mask)
      (net 41 "Net-(U3-Pad4)"))
    (pad 5 thru_hole circle (at 3.74 9.09) (size 1.7 1.7) (drill 1) (layers *.Cu *.Mask)
      (net 42 "Net-(U3-Pad5)"))
    (pad 6 thru_hole circle (at 6.28 9.09) (size 1.7 1.7) (drill 1) (layers *.Cu *.Mask)
      (net 43 "Net-(U3-Pad6)"))
    (pad 7 thru_hole circle (at 3.74 11.63) (size 1.7 1.7) (drill 1) (layers *.Cu *.Mask)
      (net 44 "Net-(U3-Pad7)"))
    (pad 8 thru_hole circle (at 6.28 11.63) (size 1.7 1.7) (drill 1) (layers *.Cu *.Mask)
      (net 45 "Net-(U3-Pad8)"))
    (pad 9 thru_hole circle (at 3.74 14.17) (size 1.7 1.7) (drill 1) (layers *.Cu *.Mask)
      (net 46 "Net-(U3-Pad9)"))
    (pad 10 thru_hole circle (at 6.28 14.17) (size 1.7 1.7) (drill 1) (layers *.Cu *.Mask)
      (net 47 "Net-(U3-Pad10)"))
    (pad 11 thru_hole circle (at 3.74 16.71) (size 1.7 1.7) (drill 1) (layers *.Cu *.Mask)
      (net 48 "Net-(U3-Pad11)"))
    (pad 12 thru_hole circle (at 6.28 16.71) (size 1.7 1.7) (drill 1) (layers *.Cu *.Mask)
      (net 49 "Net-(U3-Pad12)"))
    (pad 13 thru_hole circle (at 3.74 19.25) (size 1.7 1.7) (drill 1) (layers *.Cu *.Mask)
      (net 50 "Net-(U3-Pad13)"))
    (pad 14 thru_hole circle (at 6.28 19.25) (size 1.7 1.7) (drill 1) (layers *.Cu *.Mask)
      (net 51 "Net-(U3-Pad14)"))
    (pad 15 thru_hole circle (at 3.74 21.79) (size 1.7 1.7) (drill 1) (layers *.Cu *.Mask)
      (net 52 "Net-(U3-Pad15)"))
    (pad 16 thru_hole circle (at 6.28 21.79) (size 1.7 1.7) (drill 1) (layers *.Cu *.Mask)
      (net 53 "Net-(U3-Pad16)"))
    (pad 17 thru_hole circle (at 3.74 24.33) (size 1.7 1.7) (drill 1) (layers *.Cu *.Mask)
      (net 54 "Net-(U3-Pad17)"))
    (pad 18 thru_hole circle (at 6.28 24.33) (size 1.7 1.7) (drill 1) (layers *.Cu *.Mask)
      (net 55 "Net-(U3-Pad18)"))
    (pad 19 thru_hole circle (at 3.74 26.87) (size 1.7 1.7) (drill 1) (layers *.Cu *.Mask)
      (net 56 "Net-(U3-Pad19)"))
    (pad 20 thru_hole circle (at 6.28 26.87) (size 1.7 1.7) (drill 1) (layers *.Cu *.Mask)
      (net 57 "Net-(U3-Pad20)"))
    (pad 21 thru_hole circle (at 3.74 29.41) (size 1.7 1.7) (drill 1) (layers *.Cu *.Mask)
      (net 58 "Net-(U3-Pad21)"))
    (pad 22 thru_hole circle (at 6.28 29.41) (size 1.7 1.7) (drill 1) (layers *.Cu *.Mask)
      (net 59 "Net-(U3-Pad22)"))
    (pad 23 thru_hole circle (at 3.74 31.95) (size 1.7 1.7) (drill 1) (layers *.Cu *.Mask)
      (net 60 "Net-(U3-Pad23)"))
    (pad 24 thru_hole circle (at 6.28 31.95) (size 1.7 1.7) (drill 1) (layers *.Cu *.Mask)
      (net 61 "Net-(U3-Pad24)"))
    (pad 49 thru_hole circle (at 35 30) (size 4 4) (drill 1.5) (layers *.Cu *.Mask)
      (net 15 VCC))
    (pad 50 thru_hole circle (at 50 30) (size 4 4) (drill 1.5) (layers *.Cu *.Mask)
      (net 6 GND))
    (pad 46 thru_hole circle (at 85.97 29.41) (size 1.7 1.7) (drill 1) (layers *.Cu *.Mask)
      (net 62 "Net-(U3-Pad46)"))
    (pad 26 thru_hole circle (at 85.97 4.01) (size 1.7 1.7) (drill 1) (layers *.Cu *.Mask)
      (net 63 "Net-(U3-Pad26)"))
    (pad 41 thru_hole circle (at 83.43 24.33) (size 1.7 1.7) (drill 1) (layers *.Cu *.Mask)
      (net 64 "Net-(U3-Pad41)"))
    (pad 43 thru_hole circle (at 83.43 26.87) (size 1.7 1.7) (drill 1) (layers *.Cu *.Mask)
      (net 65 "Net-(U3-Pad43)"))
    (pad 32 thru_hole circle (at 85.97 11.63) (size 1.7 1.7) (drill 1) (layers *.Cu *.Mask)
      (net 66 "Net-(U3-Pad32)"))
    (pad 40 thru_hole circle (at 85.97 21.79) (size 1.7 1.7) (drill 1) (layers *.Cu *.Mask)
      (net 67 "Net-(U3-Pad40)"))
    (pad 39 thru_hole circle (at 83.43 21.79) (size 1.7 1.7) (drill 1) (layers *.Cu *.Mask)
      (net 68 "Net-(U3-Pad39)"))
    (pad 31 thru_hole circle (at 83.43 11.63) (size 1.7 1.7) (drill 1) (layers *.Cu *.Mask)
      (net 69 "Net-(U3-Pad31)"))
    (pad 37 thru_hole circle (at 83.43 19.25) (size 1.7 1.7) (drill 1) (layers *.Cu *.Mask)
      (net 70 "Net-(U3-Pad37)"))
    (pad 36 thru_hole circle (at 85.97 16.71) (size 1.7 1.7) (drill 1) (layers *.Cu *.Mask)
      (net 71 "Net-(U3-Pad36)"))
    (pad 33 thru_hole circle (at 83.43 14.17) (size 1.7 1.7) (drill 1) (layers *.Cu *.Mask)
      (net 72 "Net-(U3-Pad33)"))
    (pad 29 thru_hole circle (at 83.43 9.09) (size 1.7 1.7) (drill 1) (layers *.Cu *.Mask)
      (net 73 "Net-(U3-Pad29)"))
    (pad 27 thru_hole circle (at 83.43 6.55) (size 1.7 1.7) (drill 1) (layers *.Cu *.Mask)
      (net 74 "Net-(U3-Pad27)"))
    (pad 48 thru_hole circle (at 85.97 31.95) (size 1.7 1.7) (drill 1) (layers *.Cu *.Mask)
      (net 75 "Net-(U3-Pad48)"))
    (pad 47 thru_hole circle (at 83.43 31.95) (size 1.7 1.7) (drill 1) (layers *.Cu *.Mask)
      (net 76 "Net-(U3-Pad47)"))
    (pad 45 thru_hole circle (at 83.43 29.41) (size 1.7 1.7) (drill 1) (layers *.Cu *.Mask)
      (net 77 "Net-(U3-Pad45)"))
    (pad 25 thru_hole circle (at 83.43 4.01) (size 1.7 1.7) (drill 1) (layers *.Cu *.Mask)
      (net 78 "Net-(U3-Pad25)"))
    (pad 44 thru_hole circle (at 85.97 26.87) (size 1.7 1.7) (drill 1) (layers *.Cu *.Mask)
      (net 79 "Net-(U3-Pad44)"))
    (pad 30 thru_hole circle (at 85.97 9.09) (size 1.7 1.7) (drill 1) (layers *.Cu *.Mask)
      (net 80 "Net-(U3-Pad30)"))
    (pad 28 thru_hole circle (at 85.97 6.55) (size 1.7 1.7) (drill 1) (layers *.Cu *.Mask)
      (net 81 "Net-(U3-Pad28)"))
    (pad 38 thru_hole circle (at 85.97 19.25) (size 1.7 1.7) (drill 1) (layers *.Cu *.Mask)
      (net 82 "Net-(U3-Pad38)"))
    (pad 35 thru_hole circle (at 83.43 16.71) (size 1.7 1.7) (drill 1) (layers *.Cu *.Mask)
      (net 83 "Net-(U3-Pad35)"))
    (pad 42 thru_hole circle (at 85.97 24.33) (size 1.7 1.7) (drill 1) (layers *.Cu *.Mask)
      (net 84 "Net-(U3-Pad42)"))
    (pad 34 thru_hole circle (at 85.97 14.17) (size 1.7 1.7) (drill 1) (layers *.Cu *.Mask)
      (net 85 "Net-(U3-Pad34)"))
  )

  (module Resistor_SMD:R_0603_1608Metric_Pad1.05x0.95mm_HandSolder (layer F.Cu) (tedit 5B301BBD) (tstamp 60F391EC)
    (at 49.45 18.2 90)
    (descr "Resistor SMD 0603 (1608 Metric), square (rectangular) end terminal, IPC_7351 nominal with elongated pad for handsoldering. (Body size source: http://www.tortai-tech.com/upload/download/2011102023233369053.pdf), generated with kicad-footprint-generator")
    (tags "resistor handsolder")
    (path /61E1D6E4)
    (attr smd)
    (fp_text reference R17 (at 3.25 0 90) (layer F.SilkS)
      (effects (font (size 1 1) (thickness 0.15)))
    )
    (fp_text value R (at 0 1.43 90) (layer F.Fab)
      (effects (font (size 1 1) (thickness 0.15)))
    )
    (fp_line (start -0.8 0.4) (end -0.8 -0.4) (layer F.Fab) (width 0.1))
    (fp_line (start -0.8 -0.4) (end 0.8 -0.4) (layer F.Fab) (width 0.1))
    (fp_line (start 0.8 -0.4) (end 0.8 0.4) (layer F.Fab) (width 0.1))
    (fp_line (start 0.8 0.4) (end -0.8 0.4) (layer F.Fab) (width 0.1))
    (fp_line (start -0.171267 -0.51) (end 0.171267 -0.51) (layer F.SilkS) (width 0.12))
    (fp_line (start -0.171267 0.51) (end 0.171267 0.51) (layer F.SilkS) (width 0.12))
    (fp_line (start -1.65 0.73) (end -1.65 -0.73) (layer F.CrtYd) (width 0.05))
    (fp_line (start -1.65 -0.73) (end 1.65 -0.73) (layer F.CrtYd) (width 0.05))
    (fp_line (start 1.65 -0.73) (end 1.65 0.73) (layer F.CrtYd) (width 0.05))
    (fp_line (start 1.65 0.73) (end -1.65 0.73) (layer F.CrtYd) (width 0.05))
    (fp_text user %R (at 0 0 90) (layer F.Fab)
      (effects (font (size 0.4 0.4) (thickness 0.06)))
    )
    (pad 1 smd roundrect (at -0.875 0 90) (size 1.05 0.95) (layers F.Cu F.Paste F.Mask) (roundrect_rratio 0.25)
      (net 10 "Net-(C17-Pad1)"))
    (pad 2 smd roundrect (at 0.875 0 90) (size 1.05 0.95) (layers F.Cu F.Paste F.Mask) (roundrect_rratio 0.25)
      (net 30 /CISENP))
    (model ${KISYS3DMOD}/Resistor_SMD.3dshapes/R_0603_1608Metric.wrl
      (at (xyz 0 0 0))
      (scale (xyz 1 1 1))
      (rotate (xyz 0 0 0))
    )
  )

  (module Resistor_SMD:R_0603_1608Metric_Pad1.05x0.95mm_HandSolder (layer F.Cu) (tedit 5B301BBD) (tstamp 60F1B759)
    (at 31.169 18.2 90)
    (descr "Resistor SMD 0603 (1608 Metric), square (rectangular) end terminal, IPC_7351 nominal with elongated pad for handsoldering. (Body size source: http://www.tortai-tech.com/upload/download/2011102023233369053.pdf), generated with kicad-footprint-generator")
    (tags "resistor handsolder")
    (path /61E105B7)
    (attr smd)
    (fp_text reference R10 (at 3.048 -0.127 90) (layer F.SilkS)
      (effects (font (size 1 1) (thickness 0.15)))
    )
    (fp_text value R (at 0 1.43 90) (layer F.Fab)
      (effects (font (size 1 1) (thickness 0.15)))
    )
    (fp_text user %R (at 0 0 90) (layer F.Fab)
      (effects (font (size 0.4 0.4) (thickness 0.06)))
    )
    (fp_line (start 1.65 0.73) (end -1.65 0.73) (layer F.CrtYd) (width 0.05))
    (fp_line (start 1.65 -0.73) (end 1.65 0.73) (layer F.CrtYd) (width 0.05))
    (fp_line (start -1.65 -0.73) (end 1.65 -0.73) (layer F.CrtYd) (width 0.05))
    (fp_line (start -1.65 0.73) (end -1.65 -0.73) (layer F.CrtYd) (width 0.05))
    (fp_line (start -0.171267 0.51) (end 0.171267 0.51) (layer F.SilkS) (width 0.12))
    (fp_line (start -0.171267 -0.51) (end 0.171267 -0.51) (layer F.SilkS) (width 0.12))
    (fp_line (start 0.8 0.4) (end -0.8 0.4) (layer F.Fab) (width 0.1))
    (fp_line (start 0.8 -0.4) (end 0.8 0.4) (layer F.Fab) (width 0.1))
    (fp_line (start -0.8 -0.4) (end 0.8 -0.4) (layer F.Fab) (width 0.1))
    (fp_line (start -0.8 0.4) (end -0.8 -0.4) (layer F.Fab) (width 0.1))
    (pad 2 smd roundrect (at 0.875 0 90) (size 1.05 0.95) (layers F.Cu F.Paste F.Mask) (roundrect_rratio 0.25)
      (net 31 /BISENP))
    (pad 1 smd roundrect (at -0.875 0 90) (size 1.05 0.95) (layers F.Cu F.Paste F.Mask) (roundrect_rratio 0.25)
      (net 27 "Net-(C10-Pad1)"))
    (model ${KISYS3DMOD}/Resistor_SMD.3dshapes/R_0603_1608Metric.wrl
      (at (xyz 0 0 0))
      (scale (xyz 1 1 1))
      (rotate (xyz 0 0 0))
    )
  )

  (module Resistor_SMD:R_0603_1608Metric_Pad1.05x0.95mm_HandSolder (layer F.Cu) (tedit 5B301BBD) (tstamp 60F39241)
    (at 66.25 18.2 90)
    (descr "Resistor SMD 0603 (1608 Metric), square (rectangular) end terminal, IPC_7351 nominal with elongated pad for handsoldering. (Body size source: http://www.tortai-tech.com/upload/download/2011102023233369053.pdf), generated with kicad-footprint-generator")
    (tags "resistor handsolder")
    (path /61E1D7C7)
    (attr smd)
    (fp_text reference R26 (at 6 -0.25 90) (layer F.SilkS)
      (effects (font (size 1 1) (thickness 0.15)))
    )
    (fp_text value R (at 0 1.43 90) (layer F.Fab)
      (effects (font (size 1 1) (thickness 0.15)))
    )
    (fp_text user %R (at 0 0 90) (layer F.Fab)
      (effects (font (size 0.4 0.4) (thickness 0.06)))
    )
    (fp_line (start 1.65 0.73) (end -1.65 0.73) (layer F.CrtYd) (width 0.05))
    (fp_line (start 1.65 -0.73) (end 1.65 0.73) (layer F.CrtYd) (width 0.05))
    (fp_line (start -1.65 -0.73) (end 1.65 -0.73) (layer F.CrtYd) (width 0.05))
    (fp_line (start -1.65 0.73) (end -1.65 -0.73) (layer F.CrtYd) (width 0.05))
    (fp_line (start -0.171267 0.51) (end 0.171267 0.51) (layer F.SilkS) (width 0.12))
    (fp_line (start -0.171267 -0.51) (end 0.171267 -0.51) (layer F.SilkS) (width 0.12))
    (fp_line (start 0.8 0.4) (end -0.8 0.4) (layer F.Fab) (width 0.1))
    (fp_line (start 0.8 -0.4) (end 0.8 0.4) (layer F.Fab) (width 0.1))
    (fp_line (start -0.8 -0.4) (end 0.8 -0.4) (layer F.Fab) (width 0.1))
    (fp_line (start -0.8 0.4) (end -0.8 -0.4) (layer F.Fab) (width 0.1))
    (pad 2 smd roundrect (at 0.875 0 90) (size 1.05 0.95) (layers F.Cu F.Paste F.Mask) (roundrect_rratio 0.25)
      (net 28 /DISENP))
    (pad 1 smd roundrect (at -0.875 0 90) (size 1.05 0.95) (layers F.Cu F.Paste F.Mask) (roundrect_rratio 0.25)
      (net 37 "Net-(C28-Pad1)"))
    (model ${KISYS3DMOD}/Resistor_SMD.3dshapes/R_0603_1608Metric.wrl
      (at (xyz 0 0 0))
      (scale (xyz 1 1 1))
      (rotate (xyz 0 0 0))
    )
  )

  (module Resistor_SMD:R_0603_1608Metric_Pad1.05x0.95mm_HandSolder (layer F.Cu) (tedit 5B301BBD) (tstamp 60F39120)
    (at 13.535 18.2 90)
    (descr "Resistor SMD 0603 (1608 Metric), square (rectangular) end terminal, IPC_7351 nominal with elongated pad for handsoldering. (Body size source: http://www.tortai-tech.com/upload/download/2011102023233369053.pdf), generated with kicad-footprint-generator")
    (tags "resistor handsolder")
    (path /61D54C9F)
    (attr smd)
    (fp_text reference R3 (at 3.07 0.04 90) (layer F.SilkS)
      (effects (font (size 1 1) (thickness 0.15)))
    )
    (fp_text value R (at 0 1.43 90) (layer F.Fab)
      (effects (font (size 1 1) (thickness 0.15)))
    )
    (fp_text user %R (at 0 0 90) (layer F.Fab)
      (effects (font (size 0.4 0.4) (thickness 0.06)))
    )
    (fp_line (start 1.65 0.73) (end -1.65 0.73) (layer F.CrtYd) (width 0.05))
    (fp_line (start 1.65 -0.73) (end 1.65 0.73) (layer F.CrtYd) (width 0.05))
    (fp_line (start -1.65 -0.73) (end 1.65 -0.73) (layer F.CrtYd) (width 0.05))
    (fp_line (start -1.65 0.73) (end -1.65 -0.73) (layer F.CrtYd) (width 0.05))
    (fp_line (start -0.171267 0.51) (end 0.171267 0.51) (layer F.SilkS) (width 0.12))
    (fp_line (start -0.171267 -0.51) (end 0.171267 -0.51) (layer F.SilkS) (width 0.12))
    (fp_line (start 0.8 0.4) (end -0.8 0.4) (layer F.Fab) (width 0.1))
    (fp_line (start 0.8 -0.4) (end 0.8 0.4) (layer F.Fab) (width 0.1))
    (fp_line (start -0.8 -0.4) (end 0.8 -0.4) (layer F.Fab) (width 0.1))
    (fp_line (start -0.8 0.4) (end -0.8 -0.4) (layer F.Fab) (width 0.1))
    (pad 2 smd roundrect (at 0.875 0 90) (size 1.05 0.95) (layers F.Cu F.Paste F.Mask) (roundrect_rratio 0.25)
      (net 29 /AISENP))
    (pad 1 smd roundrect (at -0.875 0 90) (size 1.05 0.95) (layers F.Cu F.Paste F.Mask) (roundrect_rratio 0.25)
      (net 4 "Net-(C3-Pad1)"))
    (model ${KISYS3DMOD}/Resistor_SMD.3dshapes/R_0603_1608Metric.wrl
      (at (xyz 0 0 0))
      (scale (xyz 1 1 1))
      (rotate (xyz 0 0 0))
    )
  )

  (module Capacitor_SMD:C_0603_1608Metric_Pad1.05x0.95mm_HandSolder (layer F.Cu) (tedit 5B301BBE) (tstamp 60F38B3F)
    (at 15.055 18.2 90)
    (descr "Capacitor SMD 0603 (1608 Metric), square (rectangular) end terminal, IPC_7351 nominal with elongated pad for handsoldering. (Body size source: http://www.tortai-tech.com/upload/download/2011102023233369053.pdf), generated with kicad-footprint-generator")
    (tags "capacitor handsolder")
    (path /61D54CA9)
    (attr smd)
    (fp_text reference C3 (at 2.69 0.02 90) (layer F.SilkS)
      (effects (font (size 1 1) (thickness 0.15)))
    )
    (fp_text value C (at 0 1.43 90) (layer F.Fab)
      (effects (font (size 1 1) (thickness 0.15)))
    )
    (fp_text user %R (at 0 0 90) (layer F.Fab)
      (effects (font (size 0.4 0.4) (thickness 0.06)))
    )
    (fp_line (start 1.65 0.73) (end -1.65 0.73) (layer F.CrtYd) (width 0.05))
    (fp_line (start 1.65 -0.73) (end 1.65 0.73) (layer F.CrtYd) (width 0.05))
    (fp_line (start -1.65 -0.73) (end 1.65 -0.73) (layer F.CrtYd) (width 0.05))
    (fp_line (start -1.65 0.73) (end -1.65 -0.73) (layer F.CrtYd) (width 0.05))
    (fp_line (start -0.171267 0.51) (end 0.171267 0.51) (layer F.SilkS) (width 0.12))
    (fp_line (start -0.171267 -0.51) (end 0.171267 -0.51) (layer F.SilkS) (width 0.12))
    (fp_line (start 0.8 0.4) (end -0.8 0.4) (layer F.Fab) (width 0.1))
    (fp_line (start 0.8 -0.4) (end 0.8 0.4) (layer F.Fab) (width 0.1))
    (fp_line (start -0.8 -0.4) (end 0.8 -0.4) (layer F.Fab) (width 0.1))
    (fp_line (start -0.8 0.4) (end -0.8 -0.4) (layer F.Fab) (width 0.1))
    (pad 2 smd roundrect (at 0.875 0 90) (size 1.05 0.95) (layers F.Cu F.Paste F.Mask) (roundrect_rratio 0.25)
      (net 29 /AISENP))
    (pad 1 smd roundrect (at -0.875 0 90) (size 1.05 0.95) (layers F.Cu F.Paste F.Mask) (roundrect_rratio 0.25)
      (net 4 "Net-(C3-Pad1)"))
    (model ${KISYS3DMOD}/Capacitor_SMD.3dshapes/C_0603_1608Metric.wrl
      (at (xyz 0 0 0))
      (scale (xyz 1 1 1))
      (rotate (xyz 0 0 0))
    )
  )

  (module Capacitor_SMD:C_0603_1608Metric_Pad1.05x0.95mm_HandSolder (layer F.Cu) (tedit 5B301BBE) (tstamp 60F38FEA)
    (at 67.75 18.2 90)
    (descr "Capacitor SMD 0603 (1608 Metric), square (rectangular) end terminal, IPC_7351 nominal with elongated pad for handsoldering. (Body size source: http://www.tortai-tech.com/upload/download/2011102023233369053.pdf), generated with kicad-footprint-generator")
    (tags "capacitor handsolder")
    (path /61E1D7D1)
    (attr smd)
    (fp_text reference C28 (at 6 -0.25 90) (layer F.SilkS)
      (effects (font (size 1 1) (thickness 0.15)))
    )
    (fp_text value C (at 0 1.43 90) (layer F.Fab)
      (effects (font (size 1 1) (thickness 0.15)))
    )
    (fp_text user %R (at 0 0 90) (layer F.Fab)
      (effects (font (size 0.4 0.4) (thickness 0.06)))
    )
    (fp_line (start 1.65 0.73) (end -1.65 0.73) (layer F.CrtYd) (width 0.05))
    (fp_line (start 1.65 -0.73) (end 1.65 0.73) (layer F.CrtYd) (width 0.05))
    (fp_line (start -1.65 -0.73) (end 1.65 -0.73) (layer F.CrtYd) (width 0.05))
    (fp_line (start -1.65 0.73) (end -1.65 -0.73) (layer F.CrtYd) (width 0.05))
    (fp_line (start -0.171267 0.51) (end 0.171267 0.51) (layer F.SilkS) (width 0.12))
    (fp_line (start -0.171267 -0.51) (end 0.171267 -0.51) (layer F.SilkS) (width 0.12))
    (fp_line (start 0.8 0.4) (end -0.8 0.4) (layer F.Fab) (width 0.1))
    (fp_line (start 0.8 -0.4) (end 0.8 0.4) (layer F.Fab) (width 0.1))
    (fp_line (start -0.8 -0.4) (end 0.8 -0.4) (layer F.Fab) (width 0.1))
    (fp_line (start -0.8 0.4) (end -0.8 -0.4) (layer F.Fab) (width 0.1))
    (pad 2 smd roundrect (at 0.875 0 90) (size 1.05 0.95) (layers F.Cu F.Paste F.Mask) (roundrect_rratio 0.25)
      (net 28 /DISENP))
    (pad 1 smd roundrect (at -0.875 0 90) (size 1.05 0.95) (layers F.Cu F.Paste F.Mask) (roundrect_rratio 0.25)
      (net 37 "Net-(C28-Pad1)"))
    (model ${KISYS3DMOD}/Capacitor_SMD.3dshapes/C_0603_1608Metric.wrl
      (at (xyz 0 0 0))
      (scale (xyz 1 1 1))
      (rotate (xyz 0 0 0))
    )
  )

  (module Capacitor_SMD:C_0603_1608Metric_Pad1.05x0.95mm_HandSolder (layer F.Cu) (tedit 5B301BBE) (tstamp 60F38E49)
    (at 47.925 18.2 90)
    (descr "Capacitor SMD 0603 (1608 Metric), square (rectangular) end terminal, IPC_7351 nominal with elongated pad for handsoldering. (Body size source: http://www.tortai-tech.com/upload/download/2011102023233369053.pdf), generated with kicad-footprint-generator")
    (tags "capacitor handsolder")
    (path /61E1D6EE)
    (attr smd)
    (fp_text reference C17 (at 3.25 0.025 90) (layer F.SilkS)
      (effects (font (size 1 1) (thickness 0.15)))
    )
    (fp_text value C (at 0 1.43 90) (layer F.Fab)
      (effects (font (size 1 1) (thickness 0.15)))
    )
    (fp_line (start -0.8 0.4) (end -0.8 -0.4) (layer F.Fab) (width 0.1))
    (fp_line (start -0.8 -0.4) (end 0.8 -0.4) (layer F.Fab) (width 0.1))
    (fp_line (start 0.8 -0.4) (end 0.8 0.4) (layer F.Fab) (width 0.1))
    (fp_line (start 0.8 0.4) (end -0.8 0.4) (layer F.Fab) (width 0.1))
    (fp_line (start -0.171267 -0.51) (end 0.171267 -0.51) (layer F.SilkS) (width 0.12))
    (fp_line (start -0.171267 0.51) (end 0.171267 0.51) (layer F.SilkS) (width 0.12))
    (fp_line (start -1.65 0.73) (end -1.65 -0.73) (layer F.CrtYd) (width 0.05))
    (fp_line (start -1.65 -0.73) (end 1.65 -0.73) (layer F.CrtYd) (width 0.05))
    (fp_line (start 1.65 -0.73) (end 1.65 0.73) (layer F.CrtYd) (width 0.05))
    (fp_line (start 1.65 0.73) (end -1.65 0.73) (layer F.CrtYd) (width 0.05))
    (fp_text user %R (at 0 0 90) (layer F.Fab)
      (effects (font (size 0.4 0.4) (thickness 0.06)))
    )
    (pad 1 smd roundrect (at -0.875 0 90) (size 1.05 0.95) (layers F.Cu F.Paste F.Mask) (roundrect_rratio 0.25)
      (net 10 "Net-(C17-Pad1)"))
    (pad 2 smd roundrect (at 0.875 0 90) (size 1.05 0.95) (layers F.Cu F.Paste F.Mask) (roundrect_rratio 0.25)
      (net 30 /CISENP))
    (model ${KISYS3DMOD}/Capacitor_SMD.3dshapes/C_0603_1608Metric.wrl
      (at (xyz 0 0 0))
      (scale (xyz 1 1 1))
      (rotate (xyz 0 0 0))
    )
  )

  (module Capacitor_SMD:C_0603_1608Metric_Pad1.05x0.95mm_HandSolder (layer F.Cu) (tedit 5B301BBE) (tstamp 60F1B540)
    (at 32.693 18.2 90)
    (descr "Capacitor SMD 0603 (1608 Metric), square (rectangular) end terminal, IPC_7351 nominal with elongated pad for handsoldering. (Body size source: http://www.tortai-tech.com/upload/download/2011102023233369053.pdf), generated with kicad-footprint-generator")
    (tags "capacitor handsolder")
    (path /61E105C1)
    (attr smd)
    (fp_text reference C10 (at 3.034 0 90) (layer F.SilkS)
      (effects (font (size 1 1) (thickness 0.15)))
    )
    (fp_text value C (at 0 1.43 90) (layer F.Fab)
      (effects (font (size 1 1) (thickness 0.15)))
    )
    (fp_text user %R (at 0 0 90) (layer F.Fab)
      (effects (font (size 0.4 0.4) (thickness 0.06)))
    )
    (fp_line (start 1.65 0.73) (end -1.65 0.73) (layer F.CrtYd) (width 0.05))
    (fp_line (start 1.65 -0.73) (end 1.65 0.73) (layer F.CrtYd) (width 0.05))
    (fp_line (start -1.65 -0.73) (end 1.65 -0.73) (layer F.CrtYd) (width 0.05))
    (fp_line (start -1.65 0.73) (end -1.65 -0.73) (layer F.CrtYd) (width 0.05))
    (fp_line (start -0.171267 0.51) (end 0.171267 0.51) (layer F.SilkS) (width 0.12))
    (fp_line (start -0.171267 -0.51) (end 0.171267 -0.51) (layer F.SilkS) (width 0.12))
    (fp_line (start 0.8 0.4) (end -0.8 0.4) (layer F.Fab) (width 0.1))
    (fp_line (start 0.8 -0.4) (end 0.8 0.4) (layer F.Fab) (width 0.1))
    (fp_line (start -0.8 -0.4) (end 0.8 -0.4) (layer F.Fab) (width 0.1))
    (fp_line (start -0.8 0.4) (end -0.8 -0.4) (layer F.Fab) (width 0.1))
    (pad 2 smd roundrect (at 0.875 0 90) (size 1.05 0.95) (layers F.Cu F.Paste F.Mask) (roundrect_rratio 0.25)
      (net 31 /BISENP))
    (pad 1 smd roundrect (at -0.875 0 90) (size 1.05 0.95) (layers F.Cu F.Paste F.Mask) (roundrect_rratio 0.25)
      (net 27 "Net-(C10-Pad1)"))
    (model ${KISYS3DMOD}/Capacitor_SMD.3dshapes/C_0603_1608Metric.wrl
      (at (xyz 0 0 0))
      (scale (xyz 1 1 1))
      (rotate (xyz 0 0 0))
    )
  )

  (module Resistor_SMD:R_0603_1608Metric_Pad1.05x0.95mm_HandSolder (layer B.Cu) (tedit 5B301BBD) (tstamp 60F34B32)
    (at 80.9 21.1 270)
    (descr "Resistor SMD 0603 (1608 Metric), square (rectangular) end terminal, IPC_7351 nominal with elongated pad for handsoldering. (Body size source: http://www.tortai-tech.com/upload/download/2011102023233369053.pdf), generated with kicad-footprint-generator")
    (tags "resistor handsolder")
    (path /611F610C)
    (attr smd)
    (fp_text reference R28 (at 0 1.43 270) (layer B.SilkS)
      (effects (font (size 1 1) (thickness 0.15)) (justify mirror))
    )
    (fp_text value R (at 0 -1.43 270) (layer B.Fab)
      (effects (font (size 1 1) (thickness 0.15)) (justify mirror))
    )
    (fp_text user %R (at 0 0 270) (layer B.Fab)
      (effects (font (size 0.4 0.4) (thickness 0.06)) (justify mirror))
    )
    (fp_line (start 1.65 -0.73) (end -1.65 -0.73) (layer B.CrtYd) (width 0.05))
    (fp_line (start 1.65 0.73) (end 1.65 -0.73) (layer B.CrtYd) (width 0.05))
    (fp_line (start -1.65 0.73) (end 1.65 0.73) (layer B.CrtYd) (width 0.05))
    (fp_line (start -1.65 -0.73) (end -1.65 0.73) (layer B.CrtYd) (width 0.05))
    (fp_line (start -0.171267 -0.51) (end 0.171267 -0.51) (layer B.SilkS) (width 0.12))
    (fp_line (start -0.171267 0.51) (end 0.171267 0.51) (layer B.SilkS) (width 0.12))
    (fp_line (start 0.8 -0.4) (end -0.8 -0.4) (layer B.Fab) (width 0.1))
    (fp_line (start 0.8 0.4) (end 0.8 -0.4) (layer B.Fab) (width 0.1))
    (fp_line (start -0.8 0.4) (end 0.8 0.4) (layer B.Fab) (width 0.1))
    (fp_line (start -0.8 -0.4) (end -0.8 0.4) (layer B.Fab) (width 0.1))
    (pad 2 smd roundrect (at 0.875 0 270) (size 1.05 0.95) (layers B.Cu B.Paste B.Mask) (roundrect_rratio 0.25)
      (net 6 GND))
    (pad 1 smd roundrect (at -0.875 0 270) (size 1.05 0.95) (layers B.Cu B.Paste B.Mask) (roundrect_rratio 0.25)
      (net 36 "Net-(C26-Pad1)"))
    (model ${KISYS3DMOD}/Resistor_SMD.3dshapes/R_0603_1608Metric.wrl
      (at (xyz 0 0 0))
      (scale (xyz 1 1 1))
      (rotate (xyz 0 0 0))
    )
  )

  (module Resistor_SMD:R_0603_1608Metric_Pad1.05x0.95mm_HandSolder (layer B.Cu) (tedit 5B301BBD) (tstamp 60F34B11)
    (at 45.86 21.256 270)
    (descr "Resistor SMD 0603 (1608 Metric), square (rectangular) end terminal, IPC_7351 nominal with elongated pad for handsoldering. (Body size source: http://www.tortai-tech.com/upload/download/2011102023233369053.pdf), generated with kicad-footprint-generator")
    (tags "resistor handsolder")
    (path /6119E795)
    (attr smd)
    (fp_text reference R12 (at 0 1.43 90) (layer B.SilkS)
      (effects (font (size 1 1) (thickness 0.15)) (justify mirror))
    )
    (fp_text value R (at 0 -1.43 90) (layer B.Fab)
      (effects (font (size 1 1) (thickness 0.15)) (justify mirror))
    )
    (fp_text user %R (at 0 0 90) (layer B.Fab)
      (effects (font (size 0.4 0.4) (thickness 0.06)) (justify mirror))
    )
    (fp_line (start 1.65 -0.73) (end -1.65 -0.73) (layer B.CrtYd) (width 0.05))
    (fp_line (start 1.65 0.73) (end 1.65 -0.73) (layer B.CrtYd) (width 0.05))
    (fp_line (start -1.65 0.73) (end 1.65 0.73) (layer B.CrtYd) (width 0.05))
    (fp_line (start -1.65 -0.73) (end -1.65 0.73) (layer B.CrtYd) (width 0.05))
    (fp_line (start -0.171267 -0.51) (end 0.171267 -0.51) (layer B.SilkS) (width 0.12))
    (fp_line (start -0.171267 0.51) (end 0.171267 0.51) (layer B.SilkS) (width 0.12))
    (fp_line (start 0.8 -0.4) (end -0.8 -0.4) (layer B.Fab) (width 0.1))
    (fp_line (start 0.8 0.4) (end 0.8 -0.4) (layer B.Fab) (width 0.1))
    (fp_line (start -0.8 0.4) (end 0.8 0.4) (layer B.Fab) (width 0.1))
    (fp_line (start -0.8 -0.4) (end -0.8 0.4) (layer B.Fab) (width 0.1))
    (pad 2 smd roundrect (at 0.875 0 270) (size 1.05 0.95) (layers B.Cu B.Paste B.Mask) (roundrect_rratio 0.25)
      (net 6 GND))
    (pad 1 smd roundrect (at -0.875 0 270) (size 1.05 0.95) (layers B.Cu B.Paste B.Mask) (roundrect_rratio 0.25)
      (net 32 "Net-(C9-Pad1)"))
    (model ${KISYS3DMOD}/Resistor_SMD.3dshapes/R_0603_1608Metric.wrl
      (at (xyz 0 0 0))
      (scale (xyz 1 1 1))
      (rotate (xyz 0 0 0))
    )
  )

  (module Resistor_SMD:R_0603_1608Metric_Pad1.05x0.95mm_HandSolder (layer B.Cu) (tedit 5B301BBD) (tstamp 60F34B00)
    (at 63.2 21.156 270)
