(kicad_pcb (version 20171130) (host pcbnew "(5.1.5)-3")

  (general
    (thickness 1.6)
    (drawings 10)
    (tracks 762)
    (zones 0)
    (modules 98)
    (nets 77)
  )

  (page A4)
  (layers
    (0 F.Cu signal)
    (31 B.Cu signal)
    (32 B.Adhes user)
    (33 F.Adhes user)
    (34 B.Paste user)
    (35 F.Paste user)
    (36 B.SilkS user)
    (37 F.SilkS user)
    (38 B.Mask user)
    (39 F.Mask user)
    (40 Dwgs.User user hide)
    (41 Cmts.User user)
    (42 Eco1.User user)
    (43 Eco2.User user)
    (44 Edge.Cuts user)
    (45 Margin user)
    (46 B.CrtYd user)
    (47 F.CrtYd user)
    (48 B.Fab user)
    (49 F.Fab user hide)
  )

  (setup
    (last_trace_width 0.25)
    (user_trace_width 0.2032)
    (user_trace_width 0.254)
    (user_trace_width 1.016)
    (user_trace_width 2.286)
    (user_trace_width 2.54)
    (trace_clearance 0.1524)
    (zone_clearance 0.381)
    (zone_45_only no)
    (trace_min 0.2032)
    (via_size 0.8)
    (via_drill 0.4)
    (via_min_size 0.4)
    (via_min_drill 0.3)
    (uvia_size 0.3)
    (uvia_drill 0.1)
    (uvias_allowed no)
    (uvia_min_size 0.2)
    (uvia_min_drill 0.1)
    (edge_width 0.05)
    (segment_width 0.2)
    (pcb_text_width 0.3)
    (pcb_text_size 1.5 1.5)
    (mod_edge_width 0.12)
    (mod_text_size 1 1)
    (mod_text_width 0.15)
    (pad_size 1.524 1.524)
    (pad_drill 0.762)
    (pad_to_mask_clearance 0.051)
    (solder_mask_min_width 0.25)
    (aux_axis_origin 0 0)
    (visible_elements 7FFFFFFF)
    (pcbplotparams
      (layerselection 0x010fc_ffffffff)
      (usegerberextensions false)
      (usegerberattributes false)
      (usegerberadvancedattributes false)
      (creategerberjobfile false)
      (excludeedgelayer true)
      (linewidth 0.100000)
      (plotframeref false)
      (viasonmask false)
      (mode 1)
      (useauxorigin false)
      (hpglpennumber 1)
      (hpglpenspeed 20)
      (hpglpendiameter 15.000000)
      (psnegative false)
      (psa4output false)
      (plotreference true)
      (plotvalue true)
      (plotinvisibletext false)
      (padsonsilk false)
      (subtractmaskfromsilk false)
      (outputformat 1)
      (mirror false)
      (drillshape 0)
      (scaleselection 1)
      (outputdirectory "New folder/"))
  )

  (net 0 "")
  (net 1 "Net-(C1-Pad1)")
  (net 2 "Net-(C2-Pad1)")
  (net 3 "Net-(C3-Pad1)")
  (net 4 /AISENN)
  (net 5 GND)
  (net 6 "Net-(C8-Pad1)")
  (net 7 /BISENN)
  (net 8 "Net-(C17-Pad1)")
  (net 9 /CISENN)
  (net 10 /DISENN)
  (net 11 "Net-(D1-Pad2)")
  (net 12 "Net-(D2-Pad2)")
  (net 13 VCC)
  (net 14 /AHG)
  (net 15 /ALG)
  (net 16 /BHG)
  (net 17 /BLG)
  (net 18 /CHG)
  (net 19 /CLG)
  (net 20 /DHG)
  (net 21 /DLG)
  (net 22 /A)
  (net 23 /B)
  (net 24 /C)
  (net 25 /D)
  (net 26 /DISENP)
  (net 27 /AISENP)
  (net 28 /CISENP)
  (net 29 /BISENP)
  (net 30 "Net-(C4-Pad1)")
  (net 31 "Net-(C5-Pad1)")
  (net 32 "Net-(C6-Pad1)")
  (net 33 "Net-(C7-Pad1)")
  (net 34 "Net-(C10-Pad2)")
  (net 35 "Net-(C13-Pad1)")
  (net 36 "Net-(C21-Pad1)")
  (net 37 "Net-(U9-Pad1)")
  (net 38 "Net-(U9-Pad2)")
  (net 39 "Net-(U9-Pad3)")
  (net 40 "Net-(U9-Pad4)")
  (net 41 "Net-(U9-Pad5)")
  (net 42 "Net-(U9-Pad6)")
  (net 43 "Net-(U9-Pad7)")
  (net 44 "Net-(U9-Pad8)")
  (net 45 "Net-(U9-Pad14)")
  (net 46 "Net-(U9-Pad26)")
  (net 47 "Net-(U9-Pad32)")
  (net 48 "Net-(U9-Pad31)")
  (net 49 "Net-(U9-Pad37)")
  (net 50 "Net-(U9-Pad36)")
  (net 51 "Net-(U9-Pad33)")
  (net 52 "Net-(U9-Pad29)")
  (net 53 "Net-(U9-Pad27)")
  (net 54 "Net-(U9-Pad25)")
  (net 55 "Net-(U9-Pad30)")
  (net 56 "Net-(U9-Pad28)")
  (net 57 "Net-(U9-Pad38)")
  (net 58 "Net-(U9-Pad35)")
  (net 59 "Net-(U9-Pad34)")
  (net 60 "Net-(C35-Pad1)")
  (net 61 "Net-(D3-Pad2)")
  (net 62 "Net-(R32-Pad2)")
  (net 63 "Net-(R35-Pad2)")
  (net 64 "Net-(R36-Pad1)")
  (net 65 "Net-(D4-Pad2)")
  (net 66 /5V)
  (net 67 /SDA)
  (net 68 /SCL)
  (net 69 /WP)
  (net 70 /VSENC)
  (net 71 /VSENB)
  (net 72 /VSENA)
  (net 73 /VSEND)
  (net 74 /VSEN_VMOT)
  (net 75 /MISENN)
  (net 76 /MISENP)

  (net_class Default "This is the default net class."
    (clearance 0.1524)
    (trace_width 0.25)
    (via_dia 0.8)
    (via_drill 0.4)
    (uvia_dia 0.3)
    (uvia_drill 0.1)
    (diff_pair_width 0.254)
    (diff_pair_gap 0.25)
    (add_net /5V)
    (add_net /A)
    (add_net /AHG)
    (add_net /AISENN)
    (add_net /AISENP)
    (add_net /ALG)
    (add_net /B)
    (add_net /BHG)
    (add_net /BISENN)
    (add_net /BISENP)
    (add_net /BLG)
    (add_net /C)
    (add_net /CHG)
    (add_net /CISENN)
    (add_net /CISENP)
    (add_net /CLG)
    (add_net /D)
    (add_net /DHG)
    (add_net /DISENN)
    (add_net /DISENP)
    (add_net /DLG)
    (add_net /MISENN)
    (add_net /MISENP)
    (add_net /SCL)
    (add_net /SDA)
    (add_net /VSENA)
    (add_net /VSENB)
    (add_net /VSENC)
    (add_net /VSEND)
    (add_net /VSEN_VMOT)
    (add_net /WP)
    (add_net GND)
    (add_net "Net-(C1-Pad1)")
    (add_net "Net-(C10-Pad2)")
    (add_net "Net-(C13-Pad1)")
    (add_net "Net-(C17-Pad1)")
    (add_net "Net-(C2-Pad1)")
    (add_net "Net-(C21-Pad1)")
    (add_net "Net-(C3-Pad1)")
    (add_net "Net-(C35-Pad1)")
    (add_net "Net-(C4-Pad1)")
    (add_net "Net-(C5-Pad1)")
    (add_net "Net-(C6-Pad1)")
    (add_net "Net-(C7-Pad1)")
    (add_net "Net-(C8-Pad1)")
    (add_net "Net-(D1-Pad2)")
    (add_net "Net-(D2-Pad2)")
    (add_net "Net-(D3-Pad2)")
    (add_net "Net-(D4-Pad2)")
    (add_net "Net-(R32-Pad2)")
    (add_net "Net-(R35-Pad2)")
    (add_net "Net-(R36-Pad1)")
    (add_net "Net-(U9-Pad1)")
    (add_net "Net-(U9-Pad14)")
    (add_net "Net-(U9-Pad2)")
    (add_net "Net-(U9-Pad25)")
    (add_net "Net-(U9-Pad26)")
    (add_net "Net-(U9-Pad27)")
    (add_net "Net-(U9-Pad28)")
    (add_net "Net-(U9-Pad29)")
    (add_net "Net-(U9-Pad3)")
    (add_net "Net-(U9-Pad30)")
    (add_net "Net-(U9-Pad31)")
    (add_net "Net-(U9-Pad32)")
    (add_net "Net-(U9-Pad33)")
    (add_net "Net-(U9-Pad34)")
    (add_net "Net-(U9-Pad35)")
    (add_net "Net-(U9-Pad36)")
    (add_net "Net-(U9-Pad37)")
    (add_net "Net-(U9-Pad38)")
    (add_net "Net-(U9-Pad4)")
    (add_net "Net-(U9-Pad5)")
    (add_net "Net-(U9-Pad6)")
    (add_net "Net-(U9-Pad7)")
    (add_net "Net-(U9-Pad8)")
    (add_net VCC)
  )

  (module Resistor_SMD:R_1210_3225Metric_Pad1.42x2.65mm_HandSolder (layer F.Cu) (tedit 5B301BBD) (tstamp 60FE8E3F)
    (at 28.99 29.96 270)
    (descr "Resistor SMD 1210 (3225 Metric), square (rectangular) end terminal, IPC_7351 nominal with elongated pad for handsoldering. (Body size source: http://www.tortai-tech.com/upload/download/2011102023233369053.pdf), generated with kicad-footprint-generator")
    (tags "resistor handsolder")
    (path /61269D99)
    (attr smd)
    (fp_text reference R47 (at 0 -2.28 90) (layer F.SilkS)
      (effects (font (size 1 1) (thickness 0.15)))
    )
    (fp_text value R (at 0 2.28 90) (layer F.Fab)
      (effects (font (size 1 1) (thickness 0.15)))
    )
    (fp_text user %R (at 0 0 90) (layer F.Fab)
      (effects (font (size 0.8 0.8) (thickness 0.12)))
    )
    (fp_line (start 2.45 1.58) (end -2.45 1.58) (layer F.CrtYd) (width 0.05))
    (fp_line (start 2.45 -1.58) (end 2.45 1.58) (layer F.CrtYd) (width 0.05))
    (fp_line (start -2.45 -1.58) (end 2.45 -1.58) (layer F.CrtYd) (width 0.05))
    (fp_line (start -2.45 1.58) (end -2.45 -1.58) (layer F.CrtYd) (width 0.05))
    (fp_line (start -0.602064 1.36) (end 0.602064 1.36) (layer F.SilkS) (width 0.12))
    (fp_line (start -0.602064 -1.36) (end 0.602064 -1.36) (layer F.SilkS) (width 0.12))
    (fp_line (start 1.6 1.25) (end -1.6 1.25) (layer F.Fab) (width 0.1))
    (fp_line (start 1.6 -1.25) (end 1.6 1.25) (layer F.Fab) (width 0.1))
    (fp_line (start -1.6 -1.25) (end 1.6 -1.25) (layer F.Fab) (width 0.1))
    (fp_line (start -1.6 1.25) (end -1.6 -1.25) (layer F.Fab) (width 0.1))
    (pad 2 smd roundrect (at 1.4875 0 270) (size 1.425 2.65) (layers F.Cu F.Paste F.Mask) (roundrect_rratio 0.175439)
      (net 75 /MISENN))
    (pad 1 smd roundrect (at -1.4875 0 270) (size 1.425 2.65) (layers F.Cu F.Paste F.Mask) (roundrect_rratio 0.175439)
      (net 76 /MISENP))
    (model ${KISYS3DMOD}/Resistor_SMD.3dshapes/R_1210_3225Metric.wrl
      (at (xyz 0 0 0))
      (scale (xyz 1 1 1))
      (rotate (xyz 0 0 0))
    )
  )

  (module Resistor_SMD:R_0603_1608Metric_Pad1.05x0.95mm_HandSolder (layer B.Cu) (tedit 5B301BBD) (tstamp 60FD0415)
    (at 17.32 32.69 270)
    (descr "Resistor SMD 0603 (1608 Metric), square (rectangular) end terminal, IPC_7351 nominal with elongated pad for handsoldering. (Body size source: http://www.tortai-tech.com/upload/download/2011102023233369053.pdf), generated with kicad-footprint-generator")
    (tags "resistor handsolder")
    (path /611DB0F5)
    (attr smd)
    (fp_text reference R46 (at 0.04 -1.51 270) (layer B.SilkS)
      (effects (font (size 1 1) (thickness 0.15)) (justify mirror))
    )
    (fp_text value R (at 0 -1.43 270) (layer B.Fab)
      (effects (font (size 1 1) (thickness 0.15)) (justify mirror))
    )
    (fp_line (start -0.8 -0.4) (end -0.8 0.4) (layer B.Fab) (width 0.1))
    (fp_line (start -0.8 0.4) (end 0.8 0.4) (layer B.Fab) (width 0.1))
    (fp_line (start 0.8 0.4) (end 0.8 -0.4) (layer B.Fab) (width 0.1))
    (fp_line (start 0.8 -0.4) (end -0.8 -0.4) (layer B.Fab) (width 0.1))
    (fp_line (start -0.171267 0.51) (end 0.171267 0.51) (layer B.SilkS) (width 0.12))
    (fp_line (start -0.171267 -0.51) (end 0.171267 -0.51) (layer B.SilkS) (width 0.12))
    (fp_line (start -1.65 -0.73) (end -1.65 0.73) (layer B.CrtYd) (width 0.05))
    (fp_line (start -1.65 0.73) (end 1.65 0.73) (layer B.CrtYd) (width 0.05))
    (fp_line (start 1.65 0.73) (end 1.65 -0.73) (layer B.CrtYd) (width 0.05))
    (fp_line (start 1.65 -0.73) (end -1.65 -0.73) (layer B.CrtYd) (width 0.05))
    (fp_text user %R (at 0 0 270) (layer B.Fab)
      (effects (font (size 0.4 0.4) (thickness 0.06)) (justify mirror))
    )
    (pad 1 smd roundrect (at -0.875 0 270) (size 1.05 0.95) (layers B.Cu B.Paste B.Mask) (roundrect_rratio 0.25)
      (net 74 /VSEN_VMOT))
    (pad 2 smd roundrect (at 0.875 0 270) (size 1.05 0.95) (layers B.Cu B.Paste B.Mask) (roundrect_rratio 0.25)
      (net 5 GND))
    (model ${KISYS3DMOD}/Resistor_SMD.3dshapes/R_0603_1608Metric.wrl
      (at (xyz 0 0 0))
      (scale (xyz 1 1 1))
      (rotate (xyz 0 0 0))
    )
  )

  (module Resistor_SMD:R_0603_1608Metric_Pad1.05x0.95mm_HandSolder (layer B.Cu) (tedit 5B301BBD) (tstamp 60FD0404)
    (at 15.82 32.7 90)
    (descr "Resistor SMD 0603 (1608 Metric), square (rectangular) end terminal, IPC_7351 nominal with elongated pad for handsoldering. (Body size source: http://www.tortai-tech.com/upload/download/2011102023233369053.pdf), generated with kicad-footprint-generator")
    (tags "resistor handsolder")
    (path /611DB0EB)
    (attr smd)
    (fp_text reference R45 (at 0.33 -1.48 270) (layer B.SilkS)
      (effects (font (size 1 1) (thickness 0.15)) (justify mirror))
    )
    (fp_text value R (at 0 -1.43 270) (layer B.Fab)
      (effects (font (size 1 1) (thickness 0.15)) (justify mirror))
    )
    (fp_line (start -0.8 -0.4) (end -0.8 0.4) (layer B.Fab) (width 0.1))
    (fp_line (start -0.8 0.4) (end 0.8 0.4) (layer B.Fab) (width 0.1))
    (fp_line (start 0.8 0.4) (end 0.8 -0.4) (layer B.Fab) (width 0.1))
    (fp_line (start 0.8 -0.4) (end -0.8 -0.4) (layer B.Fab) (width 0.1))
    (fp_line (start -0.171267 0.51) (end 0.171267 0.51) (layer B.SilkS) (width 0.12))
    (fp_line (start -0.171267 -0.51) (end 0.171267 -0.51) (layer B.SilkS) (width 0.12))
    (fp_line (start -1.65 -0.73) (end -1.65 0.73) (layer B.CrtYd) (width 0.05))
    (fp_line (start -1.65 0.73) (end 1.65 0.73) (layer B.CrtYd) (width 0.05))
    (fp_line (start 1.65 0.73) (end 1.65 -0.73) (layer B.CrtYd) (width 0.05))
    (fp_line (start 1.65 -0.73) (end -1.65 -0.73) (layer B.CrtYd) (width 0.05))
    (fp_text user %R (at 0 0 270) (layer B.Fab)
      (effects (font (size 0.4 0.4) (thickness 0.06)) (justify mirror))
    )
    (pad 1 smd roundrect (at -0.875 0 90) (size 1.05 0.95) (layers B.Cu B.Paste B.Mask) (roundrect_rratio 0.25)
      (net 75 /MISENN))
    (pad 2 smd roundrect (at 0.875 0 90) (size 1.05 0.95) (layers B.Cu B.Paste B.Mask) (roundrect_rratio 0.25)
      (net 74 /VSEN_VMOT))
    (model ${KISYS3DMOD}/Resistor_SMD.3dshapes/R_0603_1608Metric.wrl
      (at (xyz 0 0 0))
      (scale (xyz 1 1 1))
      (rotate (xyz 0 0 0))
    )
  )

  (module Resistor_SMD:R_0603_1608Metric_Pad1.05x0.95mm_HandSolder (layer F.Cu) (tedit 5B301BBD) (tstamp 60FD03F3)
    (at 80.38 29.02 270)
    (descr "Resistor SMD 0603 (1608 Metric), square (rectangular) end terminal, IPC_7351 nominal with elongated pad for handsoldering. (Body size source: http://www.tortai-tech.com/upload/download/2011102023233369053.pdf), generated with kicad-footprint-generator")
    (tags "resistor handsolder")
    (path /611D1B62)
    (attr smd)
    (fp_text reference R44 (at 0 -1.43 90) (layer F.SilkS)
      (effects (font (size 1 1) (thickness 0.15)))
    )
    (fp_text value R (at 0 1.43 90) (layer F.Fab)
      (effects (font (size 1 1) (thickness 0.15)))
    )
    (fp_line (start -0.8 0.4) (end -0.8 -0.4) (layer F.Fab) (width 0.1))
    (fp_line (start -0.8 -0.4) (end 0.8 -0.4) (layer F.Fab) (width 0.1))
    (fp_line (start 0.8 -0.4) (end 0.8 0.4) (layer F.Fab) (width 0.1))
    (fp_line (start 0.8 0.4) (end -0.8 0.4) (layer F.Fab) (width 0.1))
    (fp_line (start -0.171267 -0.51) (end 0.171267 -0.51) (layer F.SilkS) (width 0.12))
    (fp_line (start -0.171267 0.51) (end 0.171267 0.51) (layer F.SilkS) (width 0.12))
    (fp_line (start -1.65 0.73) (end -1.65 -0.73) (layer F.CrtYd) (width 0.05))
    (fp_line (start -1.65 -0.73) (end 1.65 -0.73) (layer F.CrtYd) (width 0.05))
    (fp_line (start 1.65 -0.73) (end 1.65 0.73) (layer F.CrtYd) (width 0.05))
    (fp_line (start 1.65 0.73) (end -1.65 0.73) (layer F.CrtYd) (width 0.05))
    (fp_text user %R (at 0 0 90) (layer F.Fab)
      (effects (font (size 0.4 0.4) (thickness 0.06)))
    )
    (pad 1 smd roundrect (at -0.875 0 270) (size 1.05 0.95) (layers F.Cu F.Paste F.Mask) (roundrect_rratio 0.25)
      (net 73 /VSEND))
    (pad 2 smd roundrect (at 0.875 0 270) (size 1.05 0.95) (layers F.Cu F.Paste F.Mask) (roundrect_rratio 0.25)
      (net 5 GND))
    (model ${KISYS3DMOD}/Resistor_SMD.3dshapes/R_0603_1608Metric.wrl
      (at (xyz 0 0 0))
      (scale (xyz 1 1 1))
      (rotate (xyz 0 0 0))
    )
  )

  (module Resistor_SMD:R_0603_1608Metric_Pad1.05x0.95mm_HandSolder (layer F.Cu) (tedit 5B301BBD) (tstamp 60FD03E2)
    (at 9.14 22.74 270)
    (descr "Resistor SMD 0603 (1608 Metric), square (rectangular) end terminal, IPC_7351 nominal with elongated pad for handsoldering. (Body size source: http://www.tortai-tech.com/upload/download/2011102023233369053.pdf), generated with kicad-footprint-generator")
    (tags "resistor handsolder")
    (path /611B72F4)
    (attr smd)
    (fp_text reference R43 (at -3.15 0.09 90) (layer F.SilkS)
      (effects (font (size 1 1) (thickness 0.15)))
    )
    (fp_text value R (at 0 1.43 90) (layer F.Fab)
      (effects (font (size 1 1) (thickness 0.15)))
    )
    (fp_text user %R (at -0.05 0.1 90) (layer F.Fab)
      (effects (font (size 0.4 0.4) (thickness 0.06)))
    )
    (fp_line (start 1.65 0.73) (end -1.65 0.73) (layer F.CrtYd) (width 0.05))
    (fp_line (start 1.65 -0.73) (end 1.65 0.73) (layer F.CrtYd) (width 0.05))
    (fp_line (start -1.65 -0.73) (end 1.65 -0.73) (layer F.CrtYd) (width 0.05))
    (fp_line (start -1.65 0.73) (end -1.65 -0.73) (layer F.CrtYd) (width 0.05))
    (fp_line (start -0.171267 0.51) (end 0.171267 0.51) (layer F.SilkS) (width 0.12))
    (fp_line (start -0.171267 -0.51) (end 0.171267 -0.51) (layer F.SilkS) (width 0.12))
    (fp_line (start 0.8 0.4) (end -0.8 0.4) (layer F.Fab) (width 0.1))
    (fp_line (start 0.8 -0.4) (end 0.8 0.4) (layer F.Fab) (width 0.1))
    (fp_line (start -0.8 -0.4) (end 0.8 -0.4) (layer F.Fab) (width 0.1))
    (fp_line (start -0.8 0.4) (end -0.8 -0.4) (layer F.Fab) (width 0.1))
    (pad 2 smd roundrect (at 0.875 0 270) (size 1.05 0.95) (layers F.Cu F.Paste F.Mask) (roundrect_rratio 0.25)
      (net 5 GND))
    (pad 1 smd roundrect (at -0.875 0 270) (size 1.05 0.95) (layers F.Cu F.Paste F.Mask) (roundrect_rratio 0.25)
      (net 72 /VSENA))
    (model ${KISYS3DMOD}/Resistor_SMD.3dshapes/R_0603_1608Metric.wrl
      (at (xyz 0 0 0))
      (scale (xyz 1 1 1))
      (rotate (xyz 0 0 0))
    )
  )

  (module Resistor_SMD:R_0603_1608Metric_Pad1.05x0.95mm_HandSolder (layer F.Cu) (tedit 5B301BBD) (tstamp 60FD3C19)
    (at 8.95 28.32 90)
    (descr "Resistor SMD 0603 (1608 Metric), square (rectangular) end terminal, IPC_7351 nominal with elongated pad for handsoldering. (Body size source: http://www.tortai-tech.com/upload/download/2011102023233369053.pdf), generated with kicad-footprint-generator")
    (tags "resistor handsolder")
    (path /611BF594)
    (attr smd)
    (fp_text reference R42 (at -3.14 0.03 90) (layer F.SilkS)
      (effects (font (size 1 1) (thickness 0.15)))
    )
    (fp_text value R (at 0 1.43 90) (layer F.Fab)
      (effects (font (size 1 1) (thickness 0.15)))
    )
    (fp_text user %R (at 0 0 90) (layer F.Fab)
      (effects (font (size 0.4 0.4) (thickness 0.06)))
    )
    (fp_line (start 1.65 0.73) (end -1.65 0.73) (layer F.CrtYd) (width 0.05))
    (fp_line (start 1.65 -0.73) (end 1.65 0.73) (layer F.CrtYd) (width 0.05))
    (fp_line (start -1.65 -0.73) (end 1.65 -0.73) (layer F.CrtYd) (width 0.05))
    (fp_line (start -1.65 0.73) (end -1.65 -0.73) (layer F.CrtYd) (width 0.05))
    (fp_line (start -0.171267 0.51) (end 0.171267 0.51) (layer F.SilkS) (width 0.12))
    (fp_line (start -0.171267 -0.51) (end 0.171267 -0.51) (layer F.SilkS) (width 0.12))
    (fp_line (start 0.8 0.4) (end -0.8 0.4) (layer F.Fab) (width 0.1))
    (fp_line (start 0.8 -0.4) (end 0.8 0.4) (layer F.Fab) (width 0.1))
    (fp_line (start -0.8 -0.4) (end 0.8 -0.4) (layer F.Fab) (width 0.1))
    (fp_line (start -0.8 0.4) (end -0.8 -0.4) (layer F.Fab) (width 0.1))
    (pad 2 smd roundrect (at 0.875 0 90) (size 1.05 0.95) (layers F.Cu F.Paste F.Mask) (roundrect_rratio 0.25)
      (net 5 GND))
    (pad 1 smd roundrect (at -0.875 0 90) (size 1.05 0.95) (layers F.Cu F.Paste F.Mask) (roundrect_rratio 0.25)
      (net 71 /VSENB))
    (model ${KISYS3DMOD}/Resistor_SMD.3dshapes/R_0603_1608Metric.wrl
      (at (xyz 0 0 0))
      (scale (xyz 1 1 1))
      (rotate (xyz 0 0 0))
    )
  )

  (module Resistor_SMD:R_0603_1608Metric_Pad1.05x0.95mm_HandSolder (layer F.Cu) (tedit 5B301BBD) (tstamp 60FD03C0)
    (at 80.38 33.23 270)
    (descr "Resistor SMD 0603 (1608 Metric), square (rectangular) end terminal, IPC_7351 nominal with elongated pad for handsoldering. (Body size source: http://www.tortai-tech.com/upload/download/2011102023233369053.pdf), generated with kicad-footprint-generator")
    (tags "resistor handsolder")
    (path /611C8AC0)
    (attr smd)
    (fp_text reference R41 (at 0 -1.43 90) (layer F.SilkS)
      (effects (font (size 1 1) (thickness 0.15)))
    )
    (fp_text value R (at 0 1.43 90) (layer F.Fab)
      (effects (font (size 1 1) (thickness 0.15)))
    )
    (fp_line (start -0.8 0.4) (end -0.8 -0.4) (layer F.Fab) (width 0.1))
    (fp_line (start -0.8 -0.4) (end 0.8 -0.4) (layer F.Fab) (width 0.1))
    (fp_line (start 0.8 -0.4) (end 0.8 0.4) (layer F.Fab) (width 0.1))
    (fp_line (start 0.8 0.4) (end -0.8 0.4) (layer F.Fab) (width 0.1))
    (fp_line (start -0.171267 -0.51) (end 0.171267 -0.51) (layer F.SilkS) (width 0.12))
    (fp_line (start -0.171267 0.51) (end 0.171267 0.51) (layer F.SilkS) (width 0.12))
    (fp_line (start -1.65 0.73) (end -1.65 -0.73) (layer F.CrtYd) (width 0.05))
    (fp_line (start -1.65 -0.73) (end 1.65 -0.73) (layer F.CrtYd) (width 0.05))
    (fp_line (start 1.65 -0.73) (end 1.65 0.73) (layer F.CrtYd) (width 0.05))
    (fp_line (start 1.65 0.73) (end -1.65 0.73) (layer F.CrtYd) (width 0.05))
    (fp_text user %R (at 0 0 90) (layer F.Fab)
      (effects (font (size 0.4 0.4) (thickness 0.06)))
    )
    (pad 1 smd roundrect (at -0.875 0 270) (size 1.05 0.95) (layers F.Cu F.Paste F.Mask) (roundrect_rratio 0.25)
      (net 70 /VSENC))
    (pad 2 smd roundrect (at 0.875 0 270) (size 1.05 0.95) (layers F.Cu F.Paste F.Mask) (roundrect_rratio 0.25)
      (net 5 GND))
    (model ${KISYS3DMOD}/Resistor_SMD.3dshapes/R_0603_1608Metric.wrl
      (at (xyz 0 0 0))
      (scale (xyz 1 1 1))
      (rotate (xyz 0 0 0))
    )
  )

  (module Resistor_SMD:R_0603_1608Metric_Pad1.05x0.95mm_HandSolder (layer F.Cu) (tedit 5B301BBD) (tstamp 60FD5068)
    (at 78.91 29.02 90)
    (descr "Resistor SMD 0603 (1608 Metric), square (rectangular) end terminal, IPC_7351 nominal with elongated pad for handsoldering. (Body size source: http://www.tortai-tech.com/upload/download/2011102023233369053.pdf), generated with kicad-footprint-generator")
    (tags "resistor handsolder")
    (path /611D1B58)
    (attr smd)
    (fp_text reference R40 (at 0 -1.43 90) (layer F.SilkS)
      (effects (font (size 1 1) (thickness 0.15)))
    )
    (fp_text value R (at 0 1.43 90) (layer F.Fab)
      (effects (font (size 1 1) (thickness 0.15)))
    )
    (fp_line (start -0.8 0.4) (end -0.8 -0.4) (layer F.Fab) (width 0.1))
    (fp_line (start -0.8 -0.4) (end 0.8 -0.4) (layer F.Fab) (width 0.1))
    (fp_line (start 0.8 -0.4) (end 0.8 0.4) (layer F.Fab) (width 0.1))
    (fp_line (start 0.8 0.4) (end -0.8 0.4) (layer F.Fab) (width 0.1))
    (fp_line (start -0.171267 -0.51) (end 0.171267 -0.51) (layer F.SilkS) (width 0.12))
    (fp_line (start -0.171267 0.51) (end 0.171267 0.51) (layer F.SilkS) (width 0.12))
    (fp_line (start -1.65 0.73) (end -1.65 -0.73) (layer F.CrtYd) (width 0.05))
    (fp_line (start -1.65 -0.73) (end 1.65 -0.73) (layer F.CrtYd) (width 0.05))
    (fp_line (start 1.65 -0.73) (end 1.65 0.73) (layer F.CrtYd) (width 0.05))
    (fp_line (start 1.65 0.73) (end -1.65 0.73) (layer F.CrtYd) (width 0.05))
    (fp_text user %R (at 0 0 270) (layer F.Fab)
      (effects (font (size 0.4 0.4) (thickness 0.06)))
    )
    (pad 1 smd roundrect (at -0.875 0 90) (size 1.05 0.95) (layers F.Cu F.Paste F.Mask) (roundrect_rratio 0.25)
      (net 25 /D))
    (pad 2 smd roundrect (at 0.875 0 90) (size 1.05 0.95) (layers F.Cu F.Paste F.Mask) (roundrect_rratio 0.25)
      (net 73 /VSEND))
    (model ${KISYS3DMOD}/Resistor_SMD.3dshapes/R_0603_1608Metric.wrl
      (at (xyz 0 0 0))
      (scale (xyz 1 1 1))
      (rotate (xyz 0 0 0))
    )
  )

  (module Resistor_SMD:R_0603_1608Metric_Pad1.05x0.95mm_HandSolder (layer F.Cu) (tedit 5B301BBD) (tstamp 60FD039E)
    (at 10.61 22.74 90)
    (descr "Resistor SMD 0603 (1608 Metric), square (rectangular) end terminal, IPC_7351 nominal with elongated pad for handsoldering. (Body size source: http://www.tortai-tech.com/upload/download/2011102023233369053.pdf), generated with kicad-footprint-generator")
    (tags "resistor handsolder")
    (path /611B4949)
    (attr smd)
    (fp_text reference R39 (at 3.18 -0.13 90) (layer F.SilkS)
      (effects (font (size 1 1) (thickness 0.15)))
    )
    (fp_text value R (at 0 1.43 90) (layer F.Fab)
      (effects (font (size 1 1) (thickness 0.15)))
    )
    (fp_text user %R (at 0 0 90) (layer F.Fab)
      (effects (font (size 0.4 0.4) (thickness 0.06)))
    )
    (fp_line (start 1.65 0.73) (end -1.65 0.73) (layer F.CrtYd) (width 0.05))
    (fp_line (start 1.65 -0.73) (end 1.65 0.73) (layer F.CrtYd) (width 0.05))
    (fp_line (start -1.65 -0.73) (end 1.65 -0.73) (layer F.CrtYd) (width 0.05))
    (fp_line (start -1.65 0.73) (end -1.65 -0.73) (layer F.CrtYd) (width 0.05))
    (fp_line (start -0.171267 0.51) (end 0.171267 0.51) (layer F.SilkS) (width 0.12))
    (fp_line (start -0.171267 -0.51) (end 0.171267 -0.51) (layer F.SilkS) (width 0.12))
    (fp_line (start 0.8 0.4) (end -0.8 0.4) (layer F.Fab) (width 0.1))
    (fp_line (start 0.8 -0.4) (end 0.8 0.4) (layer F.Fab) (width 0.1))
    (fp_line (start -0.8 -0.4) (end 0.8 -0.4) (layer F.Fab) (width 0.1))
    (fp_line (start -0.8 0.4) (end -0.8 -0.4) (layer F.Fab) (width 0.1))
    (pad 2 smd roundrect (at 0.875 0 90) (size 1.05 0.95) (layers F.Cu F.Paste F.Mask) (roundrect_rratio 0.25)
      (net 72 /VSENA))
    (pad 1 smd roundrect (at -0.875 0 90) (size 1.05 0.95) (layers F.Cu F.Paste F.Mask) (roundrect_rratio 0.25)
      (net 22 /A))
    (model ${KISYS3DMOD}/Resistor_SMD.3dshapes/R_0603_1608Metric.wrl
      (at (xyz 0 0 0))
      (scale (xyz 1 1 1))
      (rotate (xyz 0 0 0))
    )
  )

  (module Resistor_SMD:R_0603_1608Metric_Pad1.05x0.95mm_HandSolder (layer F.Cu) (tedit 5B301BBD) (tstamp 60FD038D)
    (at 10.45 28.32 270)
    (descr "Resistor SMD 0603 (1608 Metric), square (rectangular) end terminal, IPC_7351 nominal with elongated pad for handsoldering. (Body size source: http://www.tortai-tech.com/upload/download/2011102023233369053.pdf), generated with kicad-footprint-generator")
    (tags "resistor handsolder")
    (path /611BF58A)
    (attr smd)
    (fp_text reference R38 (at 3.13 -0.06 90) (layer F.SilkS)
      (effects (font (size 1 1) (thickness 0.15)))
    )
    (fp_text value R (at 0 1.43 90) (layer F.Fab)
      (effects (font (size 1 1) (thickness 0.15)))
    )
    (fp_text user %R (at 0 0 90) (layer F.Fab)
      (effects (font (size 0.4 0.4) (thickness 0.06)))
    )
    (fp_line (start 1.65 0.73) (end -1.65 0.73) (layer F.CrtYd) (width 0.05))
    (fp_line (start 1.65 -0.73) (end 1.65 0.73) (layer F.CrtYd) (width 0.05))
    (fp_line (start -1.65 -0.73) (end 1.65 -0.73) (layer F.CrtYd) (width 0.05))
    (fp_line (start -1.65 0.73) (end -1.65 -0.73) (layer F.CrtYd) (width 0.05))
    (fp_line (start -0.171267 0.51) (end 0.171267 0.51) (layer F.SilkS) (width 0.12))
    (fp_line (start -0.171267 -0.51) (end 0.171267 -0.51) (layer F.SilkS) (width 0.12))
    (fp_line (start 0.8 0.4) (end -0.8 0.4) (layer F.Fab) (width 0.1))
    (fp_line (start 0.8 -0.4) (end 0.8 0.4) (layer F.Fab) (width 0.1))
    (fp_line (start -0.8 -0.4) (end 0.8 -0.4) (layer F.Fab) (width 0.1))
    (fp_line (start -0.8 0.4) (end -0.8 -0.4) (layer F.Fab) (width 0.1))
    (pad 2 smd roundrect (at 0.875 0 270) (size 1.05 0.95) (layers F.Cu F.Paste F.Mask) (roundrect_rratio 0.25)
      (net 71 /VSENB))
    (pad 1 smd roundrect (at -0.875 0 270) (size 1.05 0.95) (layers F.Cu F.Paste F.Mask) (roundrect_rratio 0.25)
      (net 23 /B))
    (model ${KISYS3DMOD}/Resistor_SMD.3dshapes/R_0603_1608Metric.wrl
      (at (xyz 0 0 0))
      (scale (xyz 1 1 1))
      (rotate (xyz 0 0 0))
    )
  )

  (module Resistor_SMD:R_0603_1608Metric_Pad1.05x0.95mm_HandSolder (layer F.Cu) (tedit 5B301BBD) (tstamp 60FD037C)
    (at 78.86 33.24 90)
    (descr "Resistor SMD 0603 (1608 Metric), square (rectangular) end terminal, IPC_7351 nominal with elongated pad for handsoldering. (Body size source: http://www.tortai-tech.com/upload/download/2011102023233369053.pdf), generated with kicad-footprint-generator")
    (tags "resistor handsolder")
    (path /611C8AB6)
    (attr smd)
    (fp_text reference R37 (at 0 -1.43 90) (layer F.SilkS)
      (effects (font (size 1 1) (thickness 0.15)))
    )
    (fp_text value R (at 0 1.43 90) (layer F.Fab)
      (effects (font (size 1 1) (thickness 0.15)))
    )
    (fp_line (start -0.8 0.4) (end -0.8 -0.4) (layer F.Fab) (width 0.1))
    (fp_line (start -0.8 -0.4) (end 0.8 -0.4) (layer F.Fab) (width 0.1))
    (fp_line (start 0.8 -0.4) (end 0.8 0.4) (layer F.Fab) (width 0.1))
    (fp_line (start 0.8 0.4) (end -0.8 0.4) (layer F.Fab) (width 0.1))
    (fp_line (start -0.171267 -0.51) (end 0.171267 -0.51) (layer F.SilkS) (width 0.12))
    (fp_line (start -0.171267 0.51) (end 0.171267 0.51) (layer F.SilkS) (width 0.12))
    (fp_line (start -1.65 0.73) (end -1.65 -0.73) (layer F.CrtYd) (width 0.05))
    (fp_line (start -1.65 -0.73) (end 1.65 -0.73) (layer F.CrtYd) (width 0.05))
    (fp_line (start 1.65 -0.73) (end 1.65 0.73) (layer F.CrtYd) (width 0.05))
    (fp_line (start 1.65 0.73) (end -1.65 0.73) (layer F.CrtYd) (width 0.05))
    (fp_text user %R (at 0 0 90) (layer F.Fab)
      (effects (font (size 0.4 0.4) (thickness 0.06)))
    )
    (pad 1 smd roundrect (at -0.875 0 90) (size 1.05 0.95) (layers F.Cu F.Paste F.Mask) (roundrect_rratio 0.25)
      (net 24 /C))
    (pad 2 smd roundrect (at 0.875 0 90) (size 1.05 0.95) (layers F.Cu F.Paste F.Mask) (roundrect_rratio 0.25)
      (net 70 /VSENC))
    (model ${KISYS3DMOD}/Resistor_SMD.3dshapes/R_0603_1608Metric.wrl
      (at (xyz 0 0 0))
      (scale (xyz 1 1 1))
      (rotate (xyz 0 0 0))
    )
  )

  (module sDrive_Carriers:PowerStage_Carrier_L locked (layer F.Cu) (tedit 60F4382B) (tstamp 60F6CECE)
    (at 0 0)
    (path /61EFB065)
    (fp_text reference U9 (at 4.65 1.51) (layer F.SilkS)
      (effects (font (size 1 1) (thickness 0.15)))
    )
    (fp_text value PowerStage_L (at 0.5 -0.8) (layer F.Fab)
      (effects (font (size 1 1) (thickness 0.15)))
    )
    (fp_circle (center 69.54 4.45) (end 72.29 4.45) (layer Dwgs.User) (width 0.12))
    (fp_circle (center 52.04 4.45) (end 54.79 4.45) (layer Dwgs.User) (width 0.12))
    (fp_circle (center 34.54 4.45) (end 37.29 4.45) (layer Dwgs.User) (width 0.12))
    (fp_circle (center 17.04 4.45) (end 19.79 4.45) (layer Dwgs.User) (width 0.12))
    (fp_line (start 72.5 14) (end 72.51 20.75) (layer Dwgs.User) (width 0.12))
    (fp_line (start 55 14) (end 55.01 20.75) (layer Dwgs.User) (width 0.12))
    (fp_line (start 37.5 14) (end 37.51 20.75) (layer Dwgs.User) (width 0.12))
    (fp_line (start 20 14) (end 20.01 20.75) (layer Dwgs.User) (width 0.12))
    (fp_line (start 72.5 1) (end 72.51 7.75) (layer Dwgs.User) (width 0.12))
    (fp_line (start 55 1) (end 55.01 7.75) (layer Dwgs.User) (width 0.12))
    (fp_line (start 37.5 1) (end 37.51 7.75) (layer Dwgs.User) (width 0.12))
    (fp_line (start 72.51 20.75) (end 78.01 20.75) (layer Dwgs.User) (width 0.12))
    (fp_line (start 55.01 20.75) (end 60.51 20.75) (layer Dwgs.User) (width 0.12))
    (fp_line (start 37.51 20.75) (end 43.01 20.75) (layer Dwgs.User) (width 0.12))
    (fp_line (start 20.01 20.75) (end 25.51 20.75) (layer Dwgs.User) (width 0.12))
    (fp_line (start 72.51 7.75) (end 78.01 7.75) (layer Dwgs.User) (width 0.12))
    (fp_line (start 55.01 7.75) (end 60.51 7.75) (layer Dwgs.User) (width 0.12))
    (fp_line (start 37.51 7.75) (end 43.01 7.75) (layer Dwgs.User) (width 0.12))
    (fp_line (start 78.01 14) (end 78.01 20.75) (layer Dwgs.User) (width 0.12))
    (fp_line (start 60.51 14) (end 60.51 20.75) (layer Dwgs.User) (width 0.12))
    (fp_line (start 43.01 14) (end 43.01 20.75) (layer Dwgs.User) (width 0.12))
    (fp_line (start 25.51 14) (end 25.51 20.75) (layer Dwgs.User) (width 0.12))
    (fp_line (start 78.01 1) (end 78.01 7.75) (layer Dwgs.User) (width 0.12))
    (fp_line (start 60.51 1) (end 60.51 7.75) (layer Dwgs.User) (width 0.12))
    (fp_line (start 43.01 1) (end 43.01 7.75) (layer Dwgs.User) (width 0.12))
    (fp_line (start 72.5 14) (end 78 14) (layer Dwgs.User) (width 0.12))
    (fp_line (start 55 14) (end 60.5 14) (layer Dwgs.User) (width 0.12))
    (fp_line (start 37.5 14) (end 43 14) (layer Dwgs.User) (width 0.12))
    (fp_line (start 20 14) (end 25.5 14) (layer Dwgs.User) (width 0.12))
    (fp_line (start 72.5 1) (end 78 1) (layer Dwgs.User) (width 0.12))
    (fp_line (start 55 1) (end 60.5 1) (layer Dwgs.User) (width 0.12))
    (fp_line (start 37.5 1) (end 43 1) (layer Dwgs.User) (width 0.12))
    (fp_line (start 25.51 1) (end 25.51 7.75) (layer Dwgs.User) (width 0.12))
    (fp_line (start 20 1) (end 20.01 7.75) (layer Dwgs.User) (width 0.12))
    (fp_line (start 20.01 7.75) (end 25.51 7.75) (layer Dwgs.User) (width 0.12))
    (fp_line (start 20 1) (end 25.5 1) (layer Dwgs.User) (width 0.12))
    (fp_circle (center 68 30) (end 73.5 30) (layer Dwgs.User) (width 0.12))
    (fp_circle (center 22 30) (end 27.5 30) (layer Dwgs.User) (width 0.12))
    (fp_line (start 62.5 0) (end 62.5 35) (layer Dwgs.User) (width 0.12))
    (fp_line (start 45 0) (end 45 35) (layer Dwgs.User) (width 0.12))
    (fp_line (start 27.5 0) (end 27.5 35) (layer Dwgs.User) (width 0.12))
    (fp_line (start 80 0) (end 80 35) (layer Dwgs.User) (width 0.12))
    (fp_arc (start 86.995 33.02) (end 86.995 36.02) (angle -90) (layer Dwgs.User) (width 0.12))
    (fp_arc (start 3 33) (end 0 33) (angle -90) (layer Dwgs.User) (width 0.12))
    (fp_arc (start 87 3) (end 90 3) (angle -90) (layer Dwgs.User) (width 0.12))
    (fp_line (start 90 3) (end 90 33) (layer Dwgs.User) (width 0.12))
    (fp_line (start 45 3) (end 45 33) (layer Dwgs.User) (width 0.12))
    (fp_line (start 3 36) (end 87 36) (layer Dwgs.User) (width 0.12))
    (fp_line (start 3 18) (end 87 18) (layer Dwgs.User) (width 0.12))
    (fp_arc (start 3 3) (end 3 0) (angle -90) (layer Dwgs.User) (width 0.12))
    (fp_line (start 3 0) (end 87 0) (layer Dwgs.User) (width 0.12))
    (fp_line (start 0 3) (end 0 33) (layer Dwgs.User) (width 0.12))
    (fp_line (start 10 0) (end 10 35) (layer Dwgs.User) (width 0.12))
    (pad 54 thru_hole circle (at 75.5 11) (size 3 3) (drill 1) (layers *.Cu *.Mask))
    (pad 53 thru_hole circle (at 58 11) (size 3 3) (drill 1) (layers *.Cu *.Mask))
    (pad 52 thru_hole circle (at 40.5 11) (size 3 3) (drill 1) (layers *.Cu *.Mask))
    (pad 51 thru_hole circle (at 23 11) (size 3 3) (drill 1) (layers *.Cu *.Mask))
    (pad 1 thru_hole circle (at 3.74 4.01) (size 1.7 1.7) (drill 1) (layers *.Cu *.Mask)
      (net 37 "Net-(U9-Pad1)"))
    (pad 2 thru_hole circle (at 6.28 4.01) (size 1.7 1.7) (drill 1) (layers *.Cu *.Mask)
      (net 38 "Net-(U9-Pad2)"))
    (pad 3 thru_hole circle (at 3.74 6.55) (size 1.7 1.7) (drill 1) (layers *.Cu *.Mask)
      (net 39 "Net-(U9-Pad3)"))
    (pad 4 thru_hole circle (at 6.28 6.55) (size 1.7 1.7) (drill 1) (layers *.Cu *.Mask)
      (net 40 "Net-(U9-Pad4)"))
    (pad 5 thru_hole circle (at 3.74 9.09) (size 1.7 1.7) (drill 1) (layers *.Cu *.Mask)
      (net 41 "Net-(U9-Pad5)"))
    (pad 6 thru_hole circle (at 6.28 9.09) (size 1.7 1.7) (drill 1) (layers *.Cu *.Mask)
      (net 42 "Net-(U9-Pad6)"))
    (pad 7 thru_hole circle (at 3.74 11.63) (size 1.7 1.7) (drill 1) (layers *.Cu *.Mask)
      (net 43 "Net-(U9-Pad7)"))
    (pad 8 thru_hole circle (at 6.28 11.63) (size 1.7 1.7) (drill 1) (layers *.Cu *.Mask)
      (net 44 "Net-(U9-Pad8)"))
    (pad 9 thru_hole circle (at 3.74 14.17) (size 1.7 1.7) (drill 1) (layers *.Cu *.Mask)
      (net 69 /WP))
    (pad 10 thru_hole circle (at 6.28 14.17) (size 1.7 1.7) (drill 1) (layers *.Cu *.Mask)
      (net 68 /SCL))
    (pad 11 thru_hole circle (at 3.74 16.71) (size 1.7 1.7) (drill 1) (layers *.Cu *.Mask)
      (net 66 /5V))
    (pad 12 thru_hole circle (at 6.28 16.71) (size 1.7 1.7) (drill 1) (layers *.Cu *.Mask)
      (net 67 /SDA))
    (pad 13 thru_hole circle (at 3.74 19.25) (size 1.7 1.7) (drill 1) (layers *.Cu *.Mask)
      (net 74 /VSEN_VMOT))
    (pad 14 thru_hole circle (at 6.28 19.25) (size 1.7 1.7) (drill 1) (layers *.Cu *.Mask)
      (net 45 "Net-(U9-Pad14)"))
    (pad 15 thru_hole circle (at 3.74 21.79) (size 1.7 1.7) (drill 1) (layers *.Cu *.Mask)
      (net 27 /AISENP))
    (pad 16 thru_hole circle (at 6.28 21.79) (size 1.7 1.7) (drill 1) (layers *.Cu *.Mask)
      (net 72 /VSENA))
    (pad 17 thru_hole circle (at 3.74 24.33) (size 1.7 1.7) (drill 1) (layers *.Cu *.Mask)
      (net 7 /BISENN))
    (pad 18 thru_hole circle (at 6.28 24.33) (size 1.7 1.7) (drill 1) (layers *.Cu *.Mask)
      (net 14 /AHG))
    (pad 19 thru_hole circle (at 3.74 26.87) (size 1.7 1.7) (drill 1) (layers *.Cu *.Mask)
      (net 16 /BHG))
    (pad 20 thru_hole circle (at 6.28 26.87) (size 1.7 1.7) (drill 1) (layers *.Cu *.Mask)
      (net 15 /ALG))
    (pad 21 thru_hole circle (at 3.74 29.41) (size 1.7 1.7) (drill 1) (layers *.Cu *.Mask)
      (net 17 /BLG))
    (pad 22 thru_hole circle (at 6.28 29.41) (size 1.7 1.7) (drill 1) (layers *.Cu *.Mask)
      (net 71 /VSENB))
    (pad 23 thru_hole circle (at 3.74 31.95) (size 1.7 1.7) (drill 1) (layers *.Cu *.Mask)
      (net 29 /BISENP))
    (pad 24 thru_hole circle (at 6.28 31.95) (size 1.7 1.7) (drill 1) (layers *.Cu *.Mask)
      (net 4 /AISENN))
    (pad 49 thru_hole circle (at 35 30) (size 4 4) (drill 1.5) (layers *.Cu *.Mask)
      (net 13 VCC))
    (pad 50 thru_hole circle (at 50 30) (size 4 4) (drill 1.5) (layers *.Cu *.Mask)
      (net 5 GND))
    (pad 46 thru_hole circle (at 85.97 29.41) (size 1.7 1.7) (drill 1) (layers *.Cu *.Mask)
      (net 28 /CISENP))
    (pad 26 thru_hole circle (at 85.97 4.01) (size 1.7 1.7) (drill 1) (layers *.Cu *.Mask)
      (net 46 "Net-(U9-Pad26)"))
    (pad 41 thru_hole circle (at 83.43 24.33) (size 1.7 1.7) (drill 1) (layers *.Cu *.Mask)
      (net 10 /DISENN))
    (pad 43 thru_hole circle (at 83.43 26.87) (size 1.7 1.7) (drill 1) (layers *.Cu *.Mask)
      (net 70 /VSENC))
    (pad 32 thru_hole circle (at 85.97 11.63) (size 1.7 1.7) (drill 1) (layers *.Cu *.Mask)
      (net 47 "Net-(U9-Pad32)"))
    (pad 40 thru_hole circle (at 85.97 21.79) (size 1.7 1.7) (drill 1) (layers *.Cu *.Mask)
      (net 20 /DHG))
    (pad 39 thru_hole circle (at 83.43 21.79) (size 1.7 1.7) (drill 1) (layers *.Cu *.Mask)
      (net 21 /DLG))
    (pad 31 thru_hole circle (at 83.43 11.63) (size 1.7 1.7) (drill 1) (layers *.Cu *.Mask)
      (net 48 "Net-(U9-Pad31)"))
    (pad 37 thru_hole circle (at 83.43 19.25) (size 1.7 1.7) (drill 1) (layers *.Cu *.Mask)
      (net 49 "Net-(U9-Pad37)"))
    (pad 36 thru_hole circle (at 85.97 16.71) (size 1.7 1.7) (drill 1) (layers *.Cu *.Mask)
      (net 50 "Net-(U9-Pad36)"))
    (pad 33 thru_hole circle (at 83.43 14.17) (size 1.7 1.7) (drill 1) (layers *.Cu *.Mask)
      (net 51 "Net-(U9-Pad33)"))
    (pad 29 thru_hole circle (at 83.43 9.09) (size 1.7 1.7) (drill 1) (layers *.Cu *.Mask)
      (net 52 "Net-(U9-Pad29)"))
    (pad 27 thru_hole circle (at 83.43 6.55) (size 1.7 1.7) (drill 1) (layers *.Cu *.Mask)
      (net 53 "Net-(U9-Pad27)"))
    (pad 48 thru_hole circle (at 85.97 31.95) (size 1.7 1.7) (drill 1) (layers *.Cu *.Mask)
      (net 18 /CHG))
    (pad 47 thru_hole circle (at 83.43 31.95) (size 1.7 1.7) (drill 1) (layers *.Cu *.Mask)
      (net 19 /CLG))
    (pad 45 thru_hole circle (at 83.43 29.41) (size 1.7 1.7) (drill 1) (layers *.Cu *.Mask)
      (net 9 /CISENN))
    (pad 25 thru_hole circle (at 83.43 4.01) (size 1.7 1.7) (drill 1) (layers *.Cu *.Mask)
      (net 54 "Net-(U9-Pad25)"))
    (pad 44 thru_hole circle (at 85.97 26.87) (size 1.7 1.7) (drill 1) (layers *.Cu *.Mask)
      (net 26 /DISENP))
    (pad 30 thru_hole circle (at 85.97 9.09) (size 1.7 1.7) (drill 1) (layers *.Cu *.Mask)
      (net 55 "Net-(U9-Pad30)"))
    (pad 28 thru_hole circle (at 85.97 6.55) (size 1.7 1.7) (drill 1) (layers *.Cu *.Mask)
      (net 56 "Net-(U9-Pad28)"))
    (pad 38 thru_hole circle (at 85.97 19.25) (size 1.7 1.7) (drill 1) (layers *.Cu *.Mask)
      (net 57 "Net-(U9-Pad38)"))
    (pad 35 thru_hole circle (at 83.43 16.71) (size 1.7 1.7) (drill 1) (layers *.Cu *.Mask)
      (net 58 "Net-(U9-Pad35)"))
    (pad 42 thru_hole circle (at 85.97 24.33) (size 1.7 1.7) (drill 1) (layers *.Cu *.Mask)
      (net 73 /VSEND))
    (pad 34 thru_hole circle (at 85.97 14.17) (size 1.7 1.7) (drill 1) (layers *.Cu *.Mask)
      (net 59 "Net-(U9-Pad34)"))
  )

  (module Package_DFN_QFN:DFN-8-1EP_3x2mm_P0.5mm_EP1.75x1.45mm (layer B.Cu) (tedit 5A64E879) (tstamp 60F77596)
    (at 12.48 8.61 180)
    (descr "8-Lead Plastic Dual Flat, No Lead Package (MC) - 2x3x0.9 mm Body [DFN] (see Microchip Packaging Specification 00000049BS.pdf)")
    (tags "DFN 0.5")
    (path /60F72524/60F67DC6)
    (attr smd)
    (fp_text reference U10 (at 0 2.05) (layer B.SilkS)
      (effects (font (size 1 1) (thickness 0.15)) (justify mirror))
    )
    (fp_text value 24LC01 (at 0 -2.05) (layer B.Fab)
      (effects (font (size 1 1) (thickness 0.15)) (justify mirror))
    )
    (fp_line (start -1.9 1.125) (end 1.075 1.125) (layer B.SilkS) (width 0.15))
    (fp_line (start -1.075 -1.125) (end 1.075 -1.125) (layer B.SilkS) (width 0.15))
    (fp_line (start -2.1 -1.3) (end 2.1 -1.3) (layer B.CrtYd) (width 0.05))
