(kicad_pcb (version 20171130) (host pcbnew "(5.1.5)-3")

  (general
    (thickness 1.6)
    (drawings 5)
    (tracks 23)
    (zones 0)
    (modules 76)
    (nets 94)
  )

  (page A4)
  (layers
    (0 F.Cu signal)
    (1 In1.Cu signal)
    (2 In2.Cu signal)
    (31 B.Cu signal)
    (32 B.Adhes user)
    (33 F.Adhes user)
    (34 B.Paste user)
    (35 F.Paste user)
    (36 B.SilkS user)
    (37 F.SilkS user hide)
    (38 B.Mask user)
    (39 F.Mask user)
    (40 Dwgs.User user)
    (41 Cmts.User user)
    (42 Eco1.User user)
    (43 Eco2.User user)
    (44 Edge.Cuts user)
    (45 Margin user)
    (46 B.CrtYd user)
    (47 F.CrtYd user)
    (48 B.Fab user)
    (49 F.Fab user hide)
  )

  (setup
    (last_trace_width 0.25)
    (user_trace_width 0.254)
    (user_trace_width 1.016)
    (user_trace_width 2.54)
    (trace_clearance 0.2)
    (zone_clearance 0.508)
    (zone_45_only no)
    (trace_min 0.2)
    (via_size 0.8)
    (via_drill 0.4)
    (via_min_size 0.4)
    (via_min_drill 0.3)
    (uvia_size 0.3)
    (uvia_drill 0.1)
    (uvias_allowed no)
    (uvia_min_size 0.2)
    (uvia_min_drill 0.1)
    (edge_width 0.05)
    (segment_width 0.2)
    (pcb_text_width 0.3)
    (pcb_text_size 1.5 1.5)
    (mod_edge_width 0.12)
    (mod_text_size 1 1)
    (mod_text_width 0.15)
    (pad_size 1.524 1.524)
    (pad_drill 0.762)
    (pad_to_mask_clearance 0.051)
    (solder_mask_min_width 0.25)
    (aux_axis_origin 0 0)
    (visible_elements 7FFFFFFF)
    (pcbplotparams
      (layerselection 0x010fc_ffffffff)
      (usegerberextensions false)
      (usegerberattributes false)
      (usegerberadvancedattributes false)
      (creategerberjobfile false)
      (excludeedgelayer true)
      (linewidth 0.100000)
      (plotframeref false)
      (viasonmask false)
      (mode 1)
      (useauxorigin false)
      (hpglpennumber 1)
      (hpglpenspeed 20)
      (hpglpendiameter 15.000000)
      (psnegative false)
      (psa4output false)
      (plotreference true)
      (plotvalue true)
      (plotinvisibletext false)
      (padsonsilk false)
      (subtractmaskfromsilk false)
      (outputformat 1)
      (mirror false)
      (drillshape 1)
      (scaleselection 1)
      (outputdirectory ""))
  )

  (net 0 "")
  (net 1 "Net-(C1-Pad2)")
  (net 2 "Net-(C1-Pad1)")
  (net 3 "Net-(C2-Pad1)")
  (net 4 "Net-(C3-Pad2)")
  (net 5 "Net-(C3-Pad1)")
  (net 6 /AISENN)
  (net 7 GND)
  (net 8 "Net-(C8-Pad2)")
  (net 9 "Net-(C8-Pad1)")
  (net 10 "Net-(C9-Pad2)")
  (net 11 "Net-(C10-Pad2)")
  (net 12 /BISENN)
  (net 13 /VDRAIN)
  (net 14 "Net-(C17-Pad2)")
  (net 15 "Net-(C17-Pad1)")
  (net 16 /CISENN)
  (net 17 /DISENN)
  (net 18 "Net-(D1-Pad2)")
  (net 19 "Net-(D2-Pad2)")
  (net 20 VCC)
  (net 21 /AHG)
  (net 22 /ALG)
  (net 23 /BHG)
  (net 24 /BLG)
  (net 25 /CHG)
  (net 26 /CLG)
  (net 27 /DHG)
  (net 28 /DLG)
  (net 29 /A)
  (net 30 /B)
  (net 31 /C)
  (net 32 /D)
  (net 33 "Net-(U9-Pad5)")
  (net 34 "Net-(U9-Pad6)")
  (net 35 "Net-(U9-Pad7)")
  (net 36 "Net-(C4-Pad2)")
  (net 37 "Net-(C4-Pad1)")
  (net 38 "Net-(C5-Pad2)")
  (net 39 "Net-(C5-Pad1)")
  (net 40 "Net-(C6-Pad1)")
  (net 41 "Net-(C7-Pad2)")
  (net 42 "Net-(C7-Pad1)")
  (net 43 "Net-(C13-Pad2)")
  (net 44 "Net-(C13-Pad1)")
  (net 45 "Net-(C21-Pad2)")
  (net 46 "Net-(C21-Pad1)")
  (net 47 "Net-(C25-Pad2)")
  (net 48 "Net-(U9-Pad37)")
  (net 49 "Net-(U9-Pad39)")
  (net 50 "Net-(U9-Pad41)")
  (net 51 "Net-(U9-Pad36)")
  (net 52 "Net-(U9-Pad47)")
  (net 53 "Net-(U9-Pad43)")
  (net 54 "Net-(U9-Pad33)")
  (net 55 "Net-(U9-Pad48)")
  (net 56 "Net-(U9-Pad46)")
  (net 57 "Net-(U9-Pad26)")
  (net 58 "Net-(U9-Pad40)")
  (net 59 "Net-(U9-Pad32)")
  (net 60 "Net-(U9-Pad31)")
  (net 61 "Net-(U9-Pad29)")
  (net 62 "Net-(U9-Pad27)")
  (net 63 "Net-(U9-Pad25)")
  (net 64 "Net-(U9-Pad35)")
  (net 65 "Net-(U9-Pad45)")
  (net 66 "Net-(U9-Pad42)")
  (net 67 "Net-(U9-Pad30)")
  (net 68 "Net-(U9-Pad38)")
  (net 69 "Net-(U9-Pad34)")
  (net 70 "Net-(U9-Pad28)")
  (net 71 "Net-(U9-Pad44)")
  (net 72 "Net-(U9-Pad24)")
  (net 73 "Net-(U9-Pad23)")
  (net 74 "Net-(U9-Pad22)")
  (net 75 "Net-(U9-Pad21)")
  (net 76 "Net-(U9-Pad20)")
  (net 77 "Net-(U9-Pad19)")
  (net 78 "Net-(U9-Pad18)")
  (net 79 "Net-(U9-Pad17)")
  (net 80 "Net-(U9-Pad16)")
  (net 81 "Net-(U9-Pad15)")
  (net 82 "Net-(U9-Pad14)")
  (net 83 "Net-(U9-Pad13)")
  (net 84 "Net-(U9-Pad12)")
  (net 85 "Net-(U9-Pad11)")
  (net 86 "Net-(U9-Pad10)")
  (net 87 "Net-(U9-Pad9)")
  (net 88 "Net-(U9-Pad8)")
  (net 89 "Net-(U9-Pad4)")
  (net 90 "Net-(U9-Pad3)")
  (net 91 "Net-(U9-Pad2)")
  (net 92 "Net-(U9-Pad1)")
  (net 93 "Net-(D2-Pad1)")

  (net_class Default "This is the default net class."
    (clearance 0.2)
    (trace_width 0.25)
    (via_dia 0.8)
    (via_drill 0.4)
    (uvia_dia 0.3)
    (uvia_drill 0.1)
    (add_net /A)
    (add_net /AHG)
    (add_net /AISENN)
    (add_net /ALG)
    (add_net /B)
    (add_net /BHG)
    (add_net /BISENN)
    (add_net /BLG)
    (add_net /C)
    (add_net /CHG)
    (add_net /CISENN)
    (add_net /CLG)
    (add_net /D)
    (add_net /DHG)
    (add_net /DISENN)
    (add_net /DLG)
    (add_net /VDRAIN)
    (add_net GND)
    (add_net "Net-(C1-Pad1)")
    (add_net "Net-(C1-Pad2)")
    (add_net "Net-(C10-Pad2)")
    (add_net "Net-(C13-Pad1)")
    (add_net "Net-(C13-Pad2)")
    (add_net "Net-(C17-Pad1)")
    (add_net "Net-(C17-Pad2)")
    (add_net "Net-(C2-Pad1)")
    (add_net "Net-(C21-Pad1)")
    (add_net "Net-(C21-Pad2)")
    (add_net "Net-(C25-Pad2)")
    (add_net "Net-(C3-Pad1)")
    (add_net "Net-(C3-Pad2)")
    (add_net "Net-(C4-Pad1)")
    (add_net "Net-(C4-Pad2)")
    (add_net "Net-(C5-Pad1)")
    (add_net "Net-(C5-Pad2)")
    (add_net "Net-(C6-Pad1)")
    (add_net "Net-(C7-Pad1)")
    (add_net "Net-(C7-Pad2)")
    (add_net "Net-(C8-Pad1)")
    (add_net "Net-(C8-Pad2)")
    (add_net "Net-(C9-Pad2)")
    (add_net "Net-(D1-Pad2)")
    (add_net "Net-(D2-Pad1)")
    (add_net "Net-(D2-Pad2)")
    (add_net "Net-(U9-Pad1)")
    (add_net "Net-(U9-Pad10)")
    (add_net "Net-(U9-Pad11)")
    (add_net "Net-(U9-Pad12)")
    (add_net "Net-(U9-Pad13)")
    (add_net "Net-(U9-Pad14)")
    (add_net "Net-(U9-Pad15)")
    (add_net "Net-(U9-Pad16)")
    (add_net "Net-(U9-Pad17)")
    (add_net "Net-(U9-Pad18)")
    (add_net "Net-(U9-Pad19)")
    (add_net "Net-(U9-Pad2)")
    (add_net "Net-(U9-Pad20)")
    (add_net "Net-(U9-Pad21)")
    (add_net "Net-(U9-Pad22)")
    (add_net "Net-(U9-Pad23)")
    (add_net "Net-(U9-Pad24)")
    (add_net "Net-(U9-Pad25)")
    (add_net "Net-(U9-Pad26)")
    (add_net "Net-(U9-Pad27)")
    (add_net "Net-(U9-Pad28)")
    (add_net "Net-(U9-Pad29)")
    (add_net "Net-(U9-Pad3)")
    (add_net "Net-(U9-Pad30)")
    (add_net "Net-(U9-Pad31)")
    (add_net "Net-(U9-Pad32)")
    (add_net "Net-(U9-Pad33)")
    (add_net "Net-(U9-Pad34)")
    (add_net "Net-(U9-Pad35)")
    (add_net "Net-(U9-Pad36)")
    (add_net "Net-(U9-Pad37)")
    (add_net "Net-(U9-Pad38)")
    (add_net "Net-(U9-Pad39)")
    (add_net "Net-(U9-Pad4)")
    (add_net "Net-(U9-Pad40)")
    (add_net "Net-(U9-Pad41)")
    (add_net "Net-(U9-Pad42)")
    (add_net "Net-(U9-Pad43)")
    (add_net "Net-(U9-Pad44)")
    (add_net "Net-(U9-Pad45)")
    (add_net "Net-(U9-Pad46)")
    (add_net "Net-(U9-Pad47)")
    (add_net "Net-(U9-Pad48)")
    (add_net "Net-(U9-Pad5)")
    (add_net "Net-(U9-Pad6)")
    (add_net "Net-(U9-Pad7)")
    (add_net "Net-(U9-Pad8)")
    (add_net "Net-(U9-Pad9)")
    (add_net VCC)
  )

  (module sDrive_Carriers:PowerStage_Carrier_L (layer F.Cu) (tedit 60EAC313) (tstamp 60F02F51)
    (at 217 79.769)
    (path /61EFB065)
    (fp_text reference U9 (at -1.1 -0.013) (layer F.SilkS)
      (effects (font (size 1 1) (thickness 0.15)))
    )
    (fp_text value PowerStage_L (at 0.5 -0.8) (layer F.Fab)
      (effects (font (size 1 1) (thickness 0.15)))
    )
    (fp_line (start -1.9 0.1) (end -1.9 17.7) (layer Dwgs.User) (width 0.12))
    (fp_line (start -1.9 0.1) (end -1.9 -17.5) (layer Dwgs.User) (width 0.12))
    (fp_circle (center -1.9 0.1) (end 1.1 0.1) (layer Dwgs.User) (width 0.12))
    (fp_line (start -46.56364 -17.48372) (end 42.77 17.67682) (layer Dwgs.User) (width 0.12))
    (fp_line (start -46.56618 17.6819) (end 42.79 -17.48948) (layer Dwgs.User) (width 0.12))
    (fp_line (start -46.56364 -17.47424) (end -46.56618 17.6819) (layer Dwgs.User) (width 0.12))
    (fp_line (start 42.77476 17.67682) (end 42.79 -17.48948) (layer Dwgs.User) (width 0.12))
    (fp_line (start 42.79 -17.48948) (end -46.56364 -17.48372) (layer Dwgs.User) (width 0.12))
    (fp_line (start -46.56618 17.6819) (end 42.77 17.67682) (layer Dwgs.User) (width 0.12))
    (pad 50 thru_hole circle (at 1.905 11.43) (size 4 4) (drill 1.5) (layers *.Cu *.Mask)
      (net 7 GND))
    (pad 49 thru_hole circle (at -5.715 11.43) (size 4 4) (drill 1.5) (layers *.Cu *.Mask)
      (net 20 VCC))
    (pad 37 thru_hole circle (at 35.7 1.74) (size 1.7 1.7) (drill 1) (layers *.Cu *.Mask)
      (net 48 "Net-(U9-Pad37)"))
    (pad 39 thru_hole circle (at 35.7 4.28) (size 1.7 1.7) (drill 1) (layers *.Cu *.Mask)
      (net 49 "Net-(U9-Pad39)"))
    (pad 41 thru_hole circle (at 35.7 6.82) (size 1.7 1.7) (drill 1) (layers *.Cu *.Mask)
      (net 50 "Net-(U9-Pad41)"))
    (pad 36 thru_hole circle (at 38.24 -0.8) (size 1.7 1.7) (drill 1) (layers *.Cu *.Mask)
      (net 51 "Net-(U9-Pad36)"))
    (pad 47 thru_hole circle (at 35.7 14.44) (size 1.7 1.7) (drill 1) (layers *.Cu *.Mask)
      (net 52 "Net-(U9-Pad47)"))
    (pad 43 thru_hole circle (at 35.7 9.36) (size 1.7 1.7) (drill 1) (layers *.Cu *.Mask)
      (net 53 "Net-(U9-Pad43)"))
    (pad 33 thru_hole circle (at 35.7 -3.34) (size 1.7 1.7) (drill 1) (layers *.Cu *.Mask)
      (net 54 "Net-(U9-Pad33)"))
    (pad 48 thru_hole circle (at 38.24 14.44) (size 1.7 1.7) (drill 1) (layers *.Cu *.Mask)
      (net 55 "Net-(U9-Pad48)"))
    (pad 46 thru_hole circle (at 38.24 11.9) (size 1.7 1.7) (drill 1) (layers *.Cu *.Mask)
      (net 56 "Net-(U9-Pad46)"))
    (pad 26 thru_hole circle (at 38.24 -13.5) (size 1.7 1.7) (drill 1) (layers *.Cu *.Mask)
      (net 57 "Net-(U9-Pad26)"))
    (pad 40 thru_hole circle (at 38.24 4.28) (size 1.7 1.7) (drill 1) (layers *.Cu *.Mask)
      (net 58 "Net-(U9-Pad40)"))
    (pad 32 thru_hole circle (at 38.24 -5.88) (size 1.7 1.7) (drill 1) (layers *.Cu *.Mask)
      (net 59 "Net-(U9-Pad32)"))
    (pad 31 thru_hole circle (at 35.7 -5.88) (size 1.7 1.7) (drill 1) (layers *.Cu *.Mask)
      (net 60 "Net-(U9-Pad31)"))
    (pad 29 thru_hole circle (at 35.7 -8.42) (size 1.7 1.7) (drill 1) (layers *.Cu *.Mask)
      (net 61 "Net-(U9-Pad29)"))
    (pad 27 thru_hole circle (at 35.7 -10.96) (size 1.7 1.7) (drill 1) (layers *.Cu *.Mask)
      (net 62 "Net-(U9-Pad27)"))
    (pad 25 thru_hole circle (at 35.7 -13.5) (size 1.7 1.7) (drill 1) (layers *.Cu *.Mask)
      (net 63 "Net-(U9-Pad25)"))
    (pad 35 thru_hole circle (at 35.7 -0.8) (size 1.7 1.7) (drill 1) (layers *.Cu *.Mask)
      (net 64 "Net-(U9-Pad35)"))
    (pad 45 thru_hole circle (at 35.7 11.9) (size 1.7 1.7) (drill 1) (layers *.Cu *.Mask)
      (net 65 "Net-(U9-Pad45)"))
    (pad 42 thru_hole circle (at 38.24 6.82) (size 1.7 1.7) (drill 1) (layers *.Cu *.Mask)
      (net 66 "Net-(U9-Pad42)"))
    (pad 30 thru_hole circle (at 38.24 -8.42) (size 1.7 1.7) (drill 1) (layers *.Cu *.Mask)
      (net 67 "Net-(U9-Pad30)"))
    (pad 38 thru_hole circle (at 38.24 1.74) (size 1.7 1.7) (drill 1) (layers *.Cu *.Mask)
      (net 68 "Net-(U9-Pad38)"))
    (pad 34 thru_hole circle (at 38.24 -3.34) (size 1.7 1.7) (drill 1) (layers *.Cu *.Mask)
      (net 69 "Net-(U9-Pad34)"))
    (pad 28 thru_hole circle (at 38.24 -10.96) (size 1.7 1.7) (drill 1) (layers *.Cu *.Mask)
      (net 70 "Net-(U9-Pad28)"))
    (pad 44 thru_hole circle (at 38.24 9.36) (size 1.7 1.7) (drill 1) (layers *.Cu *.Mask)
      (net 71 "Net-(U9-Pad44)"))
    (pad 24 thru_hole circle (at -39.76 14.44) (size 1.7 1.7) (drill 1) (layers *.Cu *.Mask)
      (net 72 "Net-(U9-Pad24)"))
    (pad 23 thru_hole circle (at -42.3 14.44) (size 1.7 1.7) (drill 1) (layers *.Cu *.Mask)
      (net 73 "Net-(U9-Pad23)"))
    (pad 22 thru_hole circle (at -39.76 11.9) (size 1.7 1.7) (drill 1) (layers *.Cu *.Mask)
      (net 74 "Net-(U9-Pad22)"))
    (pad 21 thru_hole circle (at -42.3 11.9) (size 1.7 1.7) (drill 1) (layers *.Cu *.Mask)
      (net 75 "Net-(U9-Pad21)"))
    (pad 20 thru_hole circle (at -39.76 9.36) (size 1.7 1.7) (drill 1) (layers *.Cu *.Mask)
      (net 76 "Net-(U9-Pad20)"))
    (pad 19 thru_hole circle (at -42.3 9.36) (size 1.7 1.7) (drill 1) (layers *.Cu *.Mask)
      (net 77 "Net-(U9-Pad19)"))
    (pad 18 thru_hole circle (at -39.76 6.82) (size 1.7 1.7) (drill 1) (layers *.Cu *.Mask)
      (net 78 "Net-(U9-Pad18)"))
    (pad 17 thru_hole circle (at -42.3 6.82) (size 1.7 1.7) (drill 1) (layers *.Cu *.Mask)
      (net 79 "Net-(U9-Pad17)"))
    (pad 16 thru_hole circle (at -39.76 4.28) (size 1.7 1.7) (drill 1) (layers *.Cu *.Mask)
      (net 80 "Net-(U9-Pad16)"))
    (pad 15 thru_hole circle (at -42.3 4.28) (size 1.7 1.7) (drill 1) (layers *.Cu *.Mask)
      (net 81 "Net-(U9-Pad15)"))
    (pad 14 thru_hole circle (at -39.76 1.74) (size 1.7 1.7) (drill 1) (layers *.Cu *.Mask)
      (net 82 "Net-(U9-Pad14)"))
    (pad 13 thru_hole circle (at -42.3 1.74) (size 1.7 1.7) (drill 1) (layers *.Cu *.Mask)
      (net 83 "Net-(U9-Pad13)"))
    (pad 12 thru_hole circle (at -39.76 -0.8) (size 1.7 1.7) (drill 1) (layers *.Cu *.Mask)
      (net 84 "Net-(U9-Pad12)"))
    (pad 11 thru_hole circle (at -42.3 -0.8) (size 1.7 1.7) (drill 1) (layers *.Cu *.Mask)
      (net 85 "Net-(U9-Pad11)"))
    (pad 10 thru_hole circle (at -39.76 -3.34) (size 1.7 1.7) (drill 1) (layers *.Cu *.Mask)
      (net 86 "Net-(U9-Pad10)"))
    (pad 9 thru_hole circle (at -42.3 -3.34) (size 1.7 1.7) (drill 1) (layers *.Cu *.Mask)
      (net 87 "Net-(U9-Pad9)"))
    (pad 8 thru_hole circle (at -39.76 -5.88) (size 1.7 1.7) (drill 1) (layers *.Cu *.Mask)
      (net 88 "Net-(U9-Pad8)"))
    (pad 7 thru_hole circle (at -42.3 -5.88) (size 1.7 1.7) (drill 1) (layers *.Cu *.Mask)
      (net 35 "Net-(U9-Pad7)"))
    (pad 6 thru_hole circle (at -39.76 -8.42) (size 1.7 1.7) (drill 1) (layers *.Cu *.Mask)
      (net 34 "Net-(U9-Pad6)"))
    (pad 5 thru_hole circle (at -42.3 -8.42) (size 1.7 1.7) (drill 1) (layers *.Cu *.Mask)
      (net 33 "Net-(U9-Pad5)"))
    (pad 4 thru_hole circle (at -39.76 -10.96) (size 1.7 1.7) (drill 1) (layers *.Cu *.Mask)
      (net 89 "Net-(U9-Pad4)"))
    (pad 3 thru_hole circle (at -42.3 -10.96) (size 1.7 1.7) (drill 1) (layers *.Cu *.Mask)
      (net 90 "Net-(U9-Pad3)"))
    (pad 2 thru_hole circle (at -39.76 -13.5) (size 1.7 1.7) (drill 1) (layers *.Cu *.Mask)
      (net 91 "Net-(U9-Pad2)"))
    (pad 1 thru_hole circle (at -42.3 -13.5) (size 1.7 1.7) (drill 1) (layers *.Cu *.Mask)
      (net 92 "Net-(U9-Pad1)"))
  )

  (module Capacitor_THT:CP_Radial_D5.0mm_P2.50mm (layer F.Cu) (tedit 5AE50EF0) (tstamp 60F3F962)
    (at 248.675 67.565 270)
    (descr "CP, Radial series, Radial, pin pitch=2.50mm, , diameter=5mm, Electrolytic Capacitor")
    (tags "CP Radial series Radial pin pitch 2.50mm  diameter 5mm Electrolytic Capacitor")
    (path /61EA9630)
    (fp_text reference C34 (at 1.397 3.683 90) (layer F.SilkS)
      (effects (font (size 1 1) (thickness 0.15)))
    )
    (fp_text value CP (at 1.25 3.75 90) (layer F.Fab)
      (effects (font (size 1 1) (thickness 0.15)))
    )
    (fp_text user %R (at 1.25 0 90) (layer F.Fab)
      (effects (font (size 1 1) (thickness 0.15)))
    )
    (fp_line (start -1.304775 -1.725) (end -1.304775 -1.225) (layer F.SilkS) (width 0.12))
    (fp_line (start -1.554775 -1.475) (end -1.054775 -1.475) (layer F.SilkS) (width 0.12))
    (fp_line (start 3.851 -0.284) (end 3.851 0.284) (layer F.SilkS) (width 0.12))
    (fp_line (start 3.811 -0.518) (end 3.811 0.518) (layer F.SilkS) (width 0.12))
    (fp_line (start 3.771 -0.677) (end 3.771 0.677) (layer F.SilkS) (width 0.12))
    (fp_line (start 3.731 -0.805) (end 3.731 0.805) (layer F.SilkS) (width 0.12))
    (fp_line (start 3.691 -0.915) (end 3.691 0.915) (layer F.SilkS) (width 0.12))
    (fp_line (start 3.651 -1.011) (end 3.651 1.011) (layer F.SilkS) (width 0.12))
    (fp_line (start 3.611 -1.098) (end 3.611 1.098) (layer F.SilkS) (width 0.12))
    (fp_line (start 3.571 -1.178) (end 3.571 1.178) (layer F.SilkS) (width 0.12))
    (fp_line (start 3.531 1.04) (end 3.531 1.251) (layer F.SilkS) (width 0.12))
    (fp_line (start 3.531 -1.251) (end 3.531 -1.04) (layer F.SilkS) (width 0.12))
    (fp_line (start 3.491 1.04) (end 3.491 1.319) (layer F.SilkS) (width 0.12))
    (fp_line (start 3.491 -1.319) (end 3.491 -1.04) (layer F.SilkS) (width 0.12))
    (fp_line (start 3.451 1.04) (end 3.451 1.383) (layer F.SilkS) (width 0.12))
    (fp_line (start 3.451 -1.383) (end 3.451 -1.04) (layer F.SilkS) (width 0.12))
    (fp_line (start 3.411 1.04) (end 3.411 1.443) (layer F.SilkS) (width 0.12))
    (fp_line (start 3.411 -1.443) (end 3.411 -1.04) (layer F.SilkS) (width 0.12))
    (fp_line (start 3.371 1.04) (end 3.371 1.5) (layer F.SilkS) (width 0.12))
    (fp_line (start 3.371 -1.5) (end 3.371 -1.04) (layer F.SilkS) (width 0.12))
    (fp_line (start 3.331 1.04) (end 3.331 1.554) (layer F.SilkS) (width 0.12))
    (fp_line (start 3.331 -1.554) (end 3.331 -1.04) (layer F.SilkS) (width 0.12))
    (fp_line (start 3.291 1.04) (end 3.291 1.605) (layer F.SilkS) (width 0.12))
    (fp_line (start 3.291 -1.605) (end 3.291 -1.04) (layer F.SilkS) (width 0.12))
    (fp_line (start 3.251 1.04) (end 3.251 1.653) (layer F.SilkS) (width 0.12))
    (fp_line (start 3.251 -1.653) (end 3.251 -1.04) (layer F.SilkS) (width 0.12))
    (fp_line (start 3.211 1.04) (end 3.211 1.699) (layer F.SilkS) (width 0.12))
    (fp_line (start 3.211 -1.699) (end 3.211 -1.04) (layer F.SilkS) (width 0.12))
    (fp_line (start 3.171 1.04) (end 3.171 1.743) (layer F.SilkS) (width 0.12))
    (fp_line (start 3.171 -1.743) (end 3.171 -1.04) (layer F.SilkS) (width 0.12))
    (fp_line (start 3.131 1.04) (end 3.131 1.785) (layer F.SilkS) (width 0.12))
    (fp_line (start 3.131 -1.785) (end 3.131 -1.04) (layer F.SilkS) (width 0.12))
    (fp_line (start 3.091 1.04) (end 3.091 1.826) (layer F.SilkS) (width 0.12))
    (fp_line (start 3.091 -1.826) (end 3.091 -1.04) (layer F.SilkS) (width 0.12))
    (fp_line (start 3.051 1.04) (end 3.051 1.864) (layer F.SilkS) (width 0.12))
    (fp_line (start 3.051 -1.864) (end 3.051 -1.04) (layer F.SilkS) (width 0.12))
    (fp_line (start 3.011 1.04) (end 3.011 1.901) (layer F.SilkS) (width 0.12))
    (fp_line (start 3.011 -1.901) (end 3.011 -1.04) (layer F.SilkS) (width 0.12))
    (fp_line (start 2.971 1.04) (end 2.971 1.937) (layer F.SilkS) (width 0.12))
    (fp_line (start 2.971 -1.937) (end 2.971 -1.04) (layer F.SilkS) (width 0.12))
    (fp_line (start 2.931 1.04) (end 2.931 1.971) (layer F.SilkS) (width 0.12))
    (fp_line (start 2.931 -1.971) (end 2.931 -1.04) (layer F.SilkS) (width 0.12))
    (fp_line (start 2.891 1.04) (end 2.891 2.004) (layer F.SilkS) (width 0.12))
    (fp_line (start 2.891 -2.004) (end 2.891 -1.04) (layer F.SilkS) (width 0.12))
    (fp_line (start 2.851 1.04) (end 2.851 2.035) (layer F.SilkS) (width 0.12))
    (fp_line (start 2.851 -2.035) (end 2.851 -1.04) (layer F.SilkS) (width 0.12))
    (fp_line (start 2.811 1.04) (end 2.811 2.065) (layer F.SilkS) (width 0.12))
    (fp_line (start 2.811 -2.065) (end 2.811 -1.04) (layer F.SilkS) (width 0.12))
    (fp_line (start 2.771 1.04) (end 2.771 2.095) (layer F.SilkS) (width 0.12))
    (fp_line (start 2.771 -2.095) (end 2.771 -1.04) (layer F.SilkS) (width 0.12))
    (fp_line (start 2.731 1.04) (end 2.731 2.122) (layer F.SilkS) (width 0.12))
    (fp_line (start 2.731 -2.122) (end 2.731 -1.04) (layer F.SilkS) (width 0.12))
    (fp_line (start 2.691 1.04) (end 2.691 2.149) (layer F.SilkS) (width 0.12))
    (fp_line (start 2.691 -2.149) (end 2.691 -1.04) (layer F.SilkS) (width 0.12))
    (fp_line (start 2.651 1.04) (end 2.651 2.175) (layer F.SilkS) (width 0.12))
    (fp_line (start 2.651 -2.175) (end 2.651 -1.04) (layer F.SilkS) (width 0.12))
    (fp_line (start 2.611 1.04) (end 2.611 2.2) (layer F.SilkS) (width 0.12))
    (fp_line (start 2.611 -2.2) (end 2.611 -1.04) (layer F.SilkS) (width 0.12))
    (fp_line (start 2.571 1.04) (end 2.571 2.224) (layer F.SilkS) (width 0.12))
    (fp_line (start 2.571 -2.224) (end 2.571 -1.04) (layer F.SilkS) (width 0.12))
    (fp_line (start 2.531 1.04) (end 2.531 2.247) (layer F.SilkS) (width 0.12))
    (fp_line (start 2.531 -2.247) (end 2.531 -1.04) (layer F.SilkS) (width 0.12))
    (fp_line (start 2.491 1.04) (end 2.491 2.268) (layer F.SilkS) (width 0.12))
    (fp_line (start 2.491 -2.268) (end 2.491 -1.04) (layer F.SilkS) (width 0.12))
    (fp_line (start 2.451 1.04) (end 2.451 2.29) (layer F.SilkS) (width 0.12))
    (fp_line (start 2.451 -2.29) (end 2.451 -1.04) (layer F.SilkS) (width 0.12))
    (fp_line (start 2.411 1.04) (end 2.411 2.31) (layer F.SilkS) (width 0.12))
    (fp_line (start 2.411 -2.31) (end 2.411 -1.04) (layer F.SilkS) (width 0.12))
    (fp_line (start 2.371 1.04) (end 2.371 2.329) (layer F.SilkS) (width 0.12))
    (fp_line (start 2.371 -2.329) (end 2.371 -1.04) (layer F.SilkS) (width 0.12))
    (fp_line (start 2.331 1.04) (end 2.331 2.348) (layer F.SilkS) (width 0.12))
    (fp_line (start 2.331 -2.348) (end 2.331 -1.04) (layer F.SilkS) (width 0.12))
    (fp_line (start 2.291 1.04) (end 2.291 2.365) (layer F.SilkS) (width 0.12))
    (fp_line (start 2.291 -2.365) (end 2.291 -1.04) (layer F.SilkS) (width 0.12))
    (fp_line (start 2.251 1.04) (end 2.251 2.382) (layer F.SilkS) (width 0.12))
    (fp_line (start 2.251 -2.382) (end 2.251 -1.04) (layer F.SilkS) (width 0.12))
    (fp_line (start 2.211 1.04) (end 2.211 2.398) (layer F.SilkS) (width 0.12))
    (fp_line (start 2.211 -2.398) (end 2.211 -1.04) (layer F.SilkS) (width 0.12))
    (fp_line (start 2.171 1.04) (end 2.171 2.414) (layer F.SilkS) (width 0.12))
    (fp_line (start 2.171 -2.414) (end 2.171 -1.04) (layer F.SilkS) (width 0.12))
    (fp_line (start 2.131 1.04) (end 2.131 2.428) (layer F.SilkS) (width 0.12))
    (fp_line (start 2.131 -2.428) (end 2.131 -1.04) (layer F.SilkS) (width 0.12))
    (fp_line (start 2.091 1.04) (end 2.091 2.442) (layer F.SilkS) (width 0.12))
    (fp_line (start 2.091 -2.442) (end 2.091 -1.04) (layer F.SilkS) (width 0.12))
    (fp_line (start 2.051 1.04) (end 2.051 2.455) (layer F.SilkS) (width 0.12))
    (fp_line (start 2.051 -2.455) (end 2.051 -1.04) (layer F.SilkS) (width 0.12))
    (fp_line (start 2.011 1.04) (end 2.011 2.468) (layer F.SilkS) (width 0.12))
    (fp_line (start 2.011 -2.468) (end 2.011 -1.04) (layer F.SilkS) (width 0.12))
    (fp_line (start 1.971 1.04) (end 1.971 2.48) (layer F.SilkS) (width 0.12))
    (fp_line (start 1.971 -2.48) (end 1.971 -1.04) (layer F.SilkS) (width 0.12))
    (fp_line (start 1.93 1.04) (end 1.93 2.491) (layer F.SilkS) (width 0.12))
    (fp_line (start 1.93 -2.491) (end 1.93 -1.04) (layer F.SilkS) (width 0.12))
    (fp_line (start 1.89 1.04) (end 1.89 2.501) (layer F.SilkS) (width 0.12))
    (fp_line (start 1.89 -2.501) (end 1.89 -1.04) (layer F.SilkS) (width 0.12))
    (fp_line (start 1.85 1.04) (end 1.85 2.511) (layer F.SilkS) (width 0.12))
    (fp_line (start 1.85 -2.511) (end 1.85 -1.04) (layer F.SilkS) (width 0.12))
    (fp_line (start 1.81 1.04) (end 1.81 2.52) (layer F.SilkS) (width 0.12))
    (fp_line (start 1.81 -2.52) (end 1.81 -1.04) (layer F.SilkS) (width 0.12))
    (fp_line (start 1.77 1.04) (end 1.77 2.528) (layer F.SilkS) (width 0.12))
    (fp_line (start 1.77 -2.528) (end 1.77 -1.04) (layer F.SilkS) (width 0.12))
    (fp_line (start 1.73 1.04) (end 1.73 2.536) (layer F.SilkS) (width 0.12))
    (fp_line (start 1.73 -2.536) (end 1.73 -1.04) (layer F.SilkS) (width 0.12))
    (fp_line (start 1.69 1.04) (end 1.69 2.543) (layer F.SilkS) (width 0.12))
    (fp_line (start 1.69 -2.543) (end 1.69 -1.04) (layer F.SilkS) (width 0.12))
    (fp_line (start 1.65 1.04) (end 1.65 2.55) (layer F.SilkS) (width 0.12))
    (fp_line (start 1.65 -2.55) (end 1.65 -1.04) (layer F.SilkS) (width 0.12))
    (fp_line (start 1.61 1.04) (end 1.61 2.556) (layer F.SilkS) (width 0.12))
    (fp_line (start 1.61 -2.556) (end 1.61 -1.04) (layer F.SilkS) (width 0.12))
    (fp_line (start 1.57 1.04) (end 1.57 2.561) (layer F.SilkS) (width 0.12))
    (fp_line (start 1.57 -2.561) (end 1.57 -1.04) (layer F.SilkS) (width 0.12))
    (fp_line (start 1.53 1.04) (end 1.53 2.565) (layer F.SilkS) (width 0.12))
    (fp_line (start 1.53 -2.565) (end 1.53 -1.04) (layer F.SilkS) (width 0.12))
    (fp_line (start 1.49 1.04) (end 1.49 2.569) (layer F.SilkS) (width 0.12))
    (fp_line (start 1.49 -2.569) (end 1.49 -1.04) (layer F.SilkS) (width 0.12))
    (fp_line (start 1.45 -2.573) (end 1.45 2.573) (layer F.SilkS) (width 0.12))
    (fp_line (start 1.41 -2.576) (end 1.41 2.576) (layer F.SilkS) (width 0.12))
    (fp_line (start 1.37 -2.578) (end 1.37 2.578) (layer F.SilkS) (width 0.12))
    (fp_line (start 1.33 -2.579) (end 1.33 2.579) (layer F.SilkS) (width 0.12))
    (fp_line (start 1.29 -2.58) (end 1.29 2.58) (layer F.SilkS) (width 0.12))
    (fp_line (start 1.25 -2.58) (end 1.25 2.58) (layer F.SilkS) (width 0.12))
    (fp_line (start -0.633605 -1.3375) (end -0.633605 -0.8375) (layer F.Fab) (width 0.1))
    (fp_line (start -0.883605 -1.0875) (end -0.383605 -1.0875) (layer F.Fab) (width 0.1))
    (fp_circle (center 1.25 0) (end 4 0) (layer F.CrtYd) (width 0.05))
    (fp_circle (center 1.25 0) (end 3.87 0) (layer F.SilkS) (width 0.12))
    (fp_circle (center 1.25 0) (end 3.75 0) (layer F.Fab) (width 0.1))
    (pad 2 thru_hole circle (at 2.5 0 270) (size 1.6 1.6) (drill 0.8) (layers *.Cu *.Mask)
      (net 7 GND))
    (pad 1 thru_hole rect (at 0 0 270) (size 1.6 1.6) (drill 0.8) (layers *.Cu *.Mask)
      (net 13 /VDRAIN))
    (model ${KISYS3DMOD}/Capacitor_THT.3dshapes/CP_Radial_D5.0mm_P2.50mm.wrl
      (at (xyz 0 0 0))
      (scale (xyz 1 1 1))
      (rotate (xyz 0 0 0))
    )
  )

  (module Custom_Mosfet:MOSFET_CSD19531Q5A (layer F.Cu) (tedit 60E9BE2B) (tstamp 60F6C354)
    (at 245.795 80.17625 90)
    (path /61E1D73B)
    (fp_text reference U8 (at 0.00001 -3.81563 90) (layer F.SilkS)
      (effects (font (size 1.00148 1.00148) (thickness 0.15)))
    )
    (fp_text value VSON8_Nexfet (at 8.25754 3.811165 90) (layer F.Fab)
      (effects (font (size 1.000307 1.000307) (thickness 0.15)))
    )
    (fp_poly (pts (xy -3.03072 1.6675) (xy -2.52625 1.6675) (xy -2.52625 2.1707) (xy -3.03072 2.1707)) (layer F.Paste) (width 0.01))
    (fp_poly (pts (xy -3.02644 0.41) (xy -2.52625 0.41) (xy -2.52625 0.910057) (xy -3.02644 0.910057)) (layer F.Paste) (width 0.01))
    (fp_poly (pts (xy -3.02683 -0.91) (xy -2.52625 -0.91) (xy -2.52625 -0.410078) (xy -3.02683 -0.410078)) (layer F.Paste) (width 0.01))
    (fp_poly (pts (xy -3.03037 -2.1675) (xy -2.52625 -2.1675) (xy -2.52625 -1.66977) (xy -3.03037 -1.66977)) (layer F.Paste) (width 0.01))
    (fp_poly (pts (xy 2.5312 1.6675) (xy 3.02625 1.6675) (xy 3.02625 2.17175) (xy 2.5312 2.17175)) (layer F.Paste) (width 0.01))
    (fp_poly (pts (xy 2.52757 0.41) (xy 3.02625 0.41) (xy 3.02625 0.910477) (xy 2.52757 0.910477)) (layer F.Paste) (width 0.01))
    (fp_poly (pts (xy 2.52846 -0.91) (xy 3.02625 -0.91) (xy 3.02625 -0.410358) (xy 2.52846 -0.410358)) (layer F.Paste) (width 0.01))
    (fp_poly (pts (xy 2.52718 -2.1675) (xy 3.02625 -2.1675) (xy 3.02625 -1.66811) (xy 2.52718 -1.66811)) (layer F.Paste) (width 0.01))
    (fp_poly (pts (xy 0.326582 0.31) (xy 1.91125 0.31) (xy 1.91125 1.88191) (xy 0.326582 1.88191)) (layer F.Paste) (width 0.01))
    (fp_poly (pts (xy -1.41095 0.31) (xy -0.17375 0.31) (xy -0.17375 1.88294) (xy -1.41095 1.88294)) (layer F.Paste) (width 0.01))
    (fp_poly (pts (xy 0.326775 -1.88) (xy 1.91125 -1.88) (xy 1.91125 -0.310499) (xy 0.326775 -0.310499)) (layer F.Paste) (width 0.01))
    (fp_poly (pts (xy -1.40935 -1.88) (xy -0.17375 -1.88) (xy -0.17375 -0.310132) (xy -1.40935 -0.310132)) (layer F.Paste) (width 0.01))
    (fp_line (start -2.9 -2.5) (end 2.9 -2.5) (layer F.Fab) (width 0.127))
    (fp_line (start 2.9 -2.5) (end 2.9 2.5) (layer F.Fab) (width 0.127))
    (fp_line (start 2.9 2.5) (end -2.9 2.5) (layer F.Fab) (width 0.127))
    (fp_line (start -2.9 2.5) (end -2.9 -2.5) (layer F.Fab) (width 0.127))
    (fp_line (start -2.9 -2.5) (end 2.9 -2.5) (layer F.SilkS) (width 0.127))
    (fp_line (start -2.9 2.5) (end 2.9 2.5) (layer F.SilkS) (width 0.127))
    (fp_circle (center -3.5775 -1.92125) (end -3.5275 -1.92125) (layer F.SilkS) (width 0.3))
    (fp_circle (center -2.18625 -1.855) (end -2.13625 -1.855) (layer F.Fab) (width 0.3))
    (fp_line (start -3.40125 -2.75) (end 3.35375 -2.75) (layer F.CrtYd) (width 0.05))
    (fp_line (start 3.35375 -2.75) (end 3.35375 2.75) (layer F.CrtYd) (width 0.05))
    (fp_line (start 3.35375 2.75) (end -3.40125 2.75) (layer F.CrtYd) (width 0.05))
    (fp_line (start -3.40125 2.75) (end -3.40125 -2.75) (layer F.CrtYd) (width 0.05))
    (pad 4 smd rect (at -2.77625 1.9175 90) (size 0.75 0.675) (layers F.Cu F.Mask)
      (net 9 "Net-(C8-Pad1)"))
    (pad 5 smd rect (at 2.77625 1.9175 90) (size 0.655 0.675) (layers F.Cu F.Mask)
      (net 32 /D))
    (pad 9 smd rect (at 0.30125 0 90) (size 4.295 4.51) (layers F.Cu F.Mask)
      (net 32 /D))
    (pad 6 smd rect (at 2.77625 0.66 90) (size 0.655 0.675) (layers F.Cu F.Mask)
      (net 32 /D))
    (pad 7 smd rect (at 2.77625 -0.66 90) (size 0.655 0.675) (layers F.Cu F.Mask)
      (net 32 /D))
    (pad 8 smd rect (at 2.77625 -1.9175 90) (size 0.655 0.675) (layers F.Cu F.Mask)
      (net 32 /D))
    (pad 3 smd rect (at -2.77625 0.66 90) (size 0.75 0.675) (layers F.Cu F.Mask)
      (net 46 "Net-(C21-Pad1)"))
    (pad 2 smd rect (at -2.77625 -0.66 90) (size 0.75 0.675) (layers F.Cu F.Mask)
      (net 46 "Net-(C21-Pad1)"))
    (pad 1 smd rect (at -2.77625 -1.9175 90) (size 0.75 0.675) (layers F.Cu F.Mask)
      (net 46 "Net-(C21-Pad1)"))
  )

  (module Custom_Mosfet:MOSFET_CSD19531Q5A (layer F.Cu) (tedit 60E9BE2B) (tstamp 60F6C42C)
    (at 242.6 67.57625 90)
    (path /61E1D721)
    (fp_text reference U4 (at -4.12925 1.269) (layer F.SilkS)
      (effects (font (size 1.00148 1.00148) (thickness 0.15)))
    )
    (fp_text value VSON8_Nexfet (at 8.25754 3.811165 90) (layer F.Fab)
      (effects (font (size 1.000307 1.000307) (thickness 0.15)))
    )
    (fp_line (start -3.40125 2.75) (end -3.40125 -2.75) (layer F.CrtYd) (width 0.05))
    (fp_line (start 3.35375 2.75) (end -3.40125 2.75) (layer F.CrtYd) (width 0.05))
    (fp_line (start 3.35375 -2.75) (end 3.35375 2.75) (layer F.CrtYd) (width 0.05))
    (fp_line (start -3.40125 -2.75) (end 3.35375 -2.75) (layer F.CrtYd) (width 0.05))
    (fp_circle (center -2.18625 -1.855) (end -2.13625 -1.855) (layer F.Fab) (width 0.3))
    (fp_circle (center -3.5775 -1.92125) (end -3.5275 -1.92125) (layer F.SilkS) (width 0.3))
    (fp_line (start -2.9 2.5) (end 2.9 2.5) (layer F.SilkS) (width 0.127))
    (fp_line (start -2.9 -2.5) (end 2.9 -2.5) (layer F.SilkS) (width 0.127))
    (fp_line (start -2.9 2.5) (end -2.9 -2.5) (layer F.Fab) (width 0.127))
    (fp_line (start 2.9 2.5) (end -2.9 2.5) (layer F.Fab) (width 0.127))
    (fp_line (start 2.9 -2.5) (end 2.9 2.5) (layer F.Fab) (width 0.127))
    (fp_line (start -2.9 -2.5) (end 2.9 -2.5) (layer F.Fab) (width 0.127))
    (fp_poly (pts (xy -1.40935 -1.88) (xy -0.17375 -1.88) (xy -0.17375 -0.310132) (xy -1.40935 -0.310132)) (layer F.Paste) (width 0.01))
    (fp_poly (pts (xy 0.326775 -1.88) (xy 1.91125 -1.88) (xy 1.91125 -0.310499) (xy 0.326775 -0.310499)) (layer F.Paste) (width 0.01))
    (fp_poly (pts (xy -1.41095 0.31) (xy -0.17375 0.31) (xy -0.17375 1.88294) (xy -1.41095 1.88294)) (layer F.Paste) (width 0.01))
    (fp_poly (pts (xy 0.326582 0.31) (xy 1.91125 0.31) (xy 1.91125 1.88191) (xy 0.326582 1.88191)) (layer F.Paste) (width 0.01))
    (fp_poly (pts (xy 2.52718 -2.1675) (xy 3.02625 -2.1675) (xy 3.02625 -1.66811) (xy 2.52718 -1.66811)) (layer F.Paste) (width 0.01))
    (fp_poly (pts (xy 2.52846 -0.91) (xy 3.02625 -0.91) (xy 3.02625 -0.410358) (xy 2.52846 -0.410358)) (layer F.Paste) (width 0.01))
    (fp_poly (pts (xy 2.52757 0.41) (xy 3.02625 0.41) (xy 3.02625 0.910477) (xy 2.52757 0.910477)) (layer F.Paste) (width 0.01))
    (fp_poly (pts (xy 2.5312 1.6675) (xy 3.02625 1.6675) (xy 3.02625 2.17175) (xy 2.5312 2.17175)) (layer F.Paste) (width 0.01))
    (fp_poly (pts (xy -3.03037 -2.1675) (xy -2.52625 -2.1675) (xy -2.52625 -1.66977) (xy -3.03037 -1.66977)) (layer F.Paste) (width 0.01))
    (fp_poly (pts (xy -3.02683 -0.91) (xy -2.52625 -0.91) (xy -2.52625 -0.410078) (xy -3.02683 -0.410078)) (layer F.Paste) (width 0.01))
    (fp_poly (pts (xy -3.02644 0.41) (xy -2.52625 0.41) (xy -2.52625 0.910057) (xy -3.02644 0.910057)) (layer F.Paste) (width 0.01))
    (fp_poly (pts (xy -3.03072 1.6675) (xy -2.52625 1.6675) (xy -2.52625 2.1707) (xy -3.03072 2.1707)) (layer F.Paste) (width 0.01))
    (pad 1 smd rect (at -2.77625 -1.9175 90) (size 0.75 0.675) (layers F.Cu F.Mask)
      (net 32 /D))
    (pad 2 smd rect (at -2.77625 -0.66 90) (size 0.75 0.675) (layers F.Cu F.Mask)
      (net 32 /D))
    (pad 3 smd rect (at -2.77625 0.66 90) (size 0.75 0.675) (layers F.Cu F.Mask)
      (net 32 /D))
    (pad 8 smd rect (at 2.77625 -1.9175 90) (size 0.655 0.675) (layers F.Cu F.Mask)
      (net 13 /VDRAIN))
    (pad 7 smd rect (at 2.77625 -0.66 90) (size 0.655 0.675) (layers F.Cu F.Mask)
      (net 13 /VDRAIN))
    (pad 6 smd rect (at 2.77625 0.66 90) (size 0.655 0.675) (layers F.Cu F.Mask)
      (net 13 /VDRAIN))
    (pad 9 smd rect (at 0.30125 0 90) (size 4.295 4.51) (layers F.Cu F.Mask)
      (net 13 /VDRAIN))
    (pad 5 smd rect (at 2.77625 1.9175 90) (size 0.655 0.675) (layers F.Cu F.Mask)
      (net 13 /VDRAIN))
    (pad 4 smd rect (at -2.77625 1.9175 90) (size 0.75 0.675) (layers F.Cu F.Mask)
      (net 37 "Net-(C4-Pad1)"))
  )

  (module Custom_Mosfet:MOSFET_CSD19531Q5A (layer F.Cu) (tedit 60E9BE2B) (tstamp 60F6C2E8)
    (at 224.865 80.17625 90)
    (path /61E1D658)
    (fp_text reference U7 (at 0.00001 -3.81563 90) (layer F.SilkS)
      (effects (font (size 1.00148 1.00148) (thickness 0.15)))
    )
    (fp_text value VSON8_Nexfet (at 8.25754 3.811165 90) (layer F.Fab)
      (effects (font (size 1.000307 1.000307) (thickness 0.15)))
    )
    (fp_poly (pts (xy -3.03072 1.6675) (xy -2.52625 1.6675) (xy -2.52625 2.1707) (xy -3.03072 2.1707)) (layer F.Paste) (width 0.01))
    (fp_poly (pts (xy -3.02644 0.41) (xy -2.52625 0.41) (xy -2.52625 0.910057) (xy -3.02644 0.910057)) (layer F.Paste) (width 0.01))
    (fp_poly (pts (xy -3.02683 -0.91) (xy -2.52625 -0.91) (xy -2.52625 -0.410078) (xy -3.02683 -0.410078)) (layer F.Paste) (width 0.01))
    (fp_poly (pts (xy -3.03037 -2.1675) (xy -2.52625 -2.1675) (xy -2.52625 -1.66977) (xy -3.03037 -1.66977)) (layer F.Paste) (width 0.01))
    (fp_poly (pts (xy 2.5312 1.6675) (xy 3.02625 1.6675) (xy 3.02625 2.17175) (xy 2.5312 2.17175)) (layer F.Paste) (width 0.01))
    (fp_poly (pts (xy 2.52757 0.41) (xy 3.02625 0.41) (xy 3.02625 0.910477) (xy 2.52757 0.910477)) (layer F.Paste) (width 0.01))
    (fp_poly (pts (xy 2.52846 -0.91) (xy 3.02625 -0.91) (xy 3.02625 -0.410358) (xy 2.52846 -0.410358)) (layer F.Paste) (width 0.01))
    (fp_poly (pts (xy 2.52718 -2.1675) (xy 3.02625 -2.1675) (xy 3.02625 -1.66811) (xy 2.52718 -1.66811)) (layer F.Paste) (width 0.01))
    (fp_poly (pts (xy 0.326582 0.31) (xy 1.91125 0.31) (xy 1.91125 1.88191) (xy 0.326582 1.88191)) (layer F.Paste) (width 0.01))
    (fp_poly (pts (xy -1.41095 0.31) (xy -0.17375 0.31) (xy -0.17375 1.88294) (xy -1.41095 1.88294)) (layer F.Paste) (width 0.01))
    (fp_poly (pts (xy 0.326775 -1.88) (xy 1.91125 -1.88) (xy 1.91125 -0.310499) (xy 0.326775 -0.310499)) (layer F.Paste) (width 0.01))
    (fp_poly (pts (xy -1.40935 -1.88) (xy -0.17375 -1.88) (xy -0.17375 -0.310132) (xy -1.40935 -0.310132)) (layer F.Paste) (width 0.01))
    (fp_line (start -2.9 -2.5) (end 2.9 -2.5) (layer F.Fab) (width 0.127))
    (fp_line (start 2.9 -2.5) (end 2.9 2.5) (layer F.Fab) (width 0.127))
    (fp_line (start 2.9 2.5) (end -2.9 2.5) (layer F.Fab) (width 0.127))
    (fp_line (start -2.9 2.5) (end -2.9 -2.5) (layer F.Fab) (width 0.127))
    (fp_line (start -2.9 -2.5) (end 2.9 -2.5) (layer F.SilkS) (width 0.127))
    (fp_line (start -2.9 2.5) (end 2.9 2.5) (layer F.SilkS) (width 0.127))
    (fp_circle (center -3.5775 -1.92125) (end -3.5275 -1.92125) (layer F.SilkS) (width 0.3))
    (fp_circle (center -2.18625 -1.855) (end -2.13625 -1.855) (layer F.Fab) (width 0.3))
    (fp_line (start -3.40125 -2.75) (end 3.35375 -2.75) (layer F.CrtYd) (width 0.05))
    (fp_line (start 3.35375 -2.75) (end 3.35375 2.75) (layer F.CrtYd) (width 0.05))
    (fp_line (start 3.35375 2.75) (end -3.40125 2.75) (layer F.CrtYd) (width 0.05))
    (fp_line (start -3.40125 2.75) (end -3.40125 -2.75) (layer F.CrtYd) (width 0.05))
    (pad 4 smd rect (at -2.77625 1.9175 90) (size 0.75 0.675) (layers F.Cu F.Mask)
      (net 42 "Net-(C7-Pad1)"))
    (pad 5 smd rect (at 2.77625 1.9175 90) (size 0.655 0.675) (layers F.Cu F.Mask)
      (net 31 /C))
    (pad 9 smd rect (at 0.30125 0 90) (size 4.295 4.51) (layers F.Cu F.Mask)
      (net 31 /C))
    (pad 6 smd rect (at 2.77625 0.66 90) (size 0.655 0.675) (layers F.Cu F.Mask)
      (net 31 /C))
    (pad 7 smd rect (at 2.77625 -0.66 90) (size 0.655 0.675) (layers F.Cu F.Mask)
      (net 31 /C))
    (pad 8 smd rect (at 2.77625 -1.9175 90) (size 0.655 0.675) (layers F.Cu F.Mask)
      (net 31 /C))
    (pad 3 smd rect (at -2.77625 0.66 90) (size 0.75 0.675) (layers F.Cu F.Mask)
      (net 15 "Net-(C17-Pad1)"))
    (pad 2 smd rect (at -2.77625 -0.66 90) (size 0.75 0.675) (layers F.Cu F.Mask)
      (net 15 "Net-(C17-Pad1)"))
    (pad 1 smd rect (at -2.77625 -1.9175 90) (size 0.75 0.675) (layers F.Cu F.Mask)
      (net 15 "Net-(C17-Pad1)"))
  )

  (module Custom_Mosfet:MOSFET_CSD19531Q5A (layer F.Cu) (tedit 60E9BE2B) (tstamp 60F6C498)
    (at 224.865 67 90)
    (path /61E1D63E)
    (fp_text reference U3 (at -4.12925 1.195 180) (layer F.SilkS)
      (effects (font (size 1.00148 1.00148) (thickness 0.15)))
    )
    (fp_text value VSON8_Nexfet (at 8.25754 3.811165 90) (layer F.Fab)
      (effects (font (size 1.000307 1.000307) (thickness 0.15)))
    )
    (fp_line (start -3.40125 2.75) (end -3.40125 -2.75) (layer F.CrtYd) (width 0.05))
    (fp_line (start 3.35375 2.75) (end -3.40125 2.75) (layer F.CrtYd) (width 0.05))
    (fp_line (start 3.35375 -2.75) (end 3.35375 2.75) (layer F.CrtYd) (width 0.05))
    (fp_line (start -3.40125 -2.75) (end 3.35375 -2.75) (layer F.CrtYd) (width 0.05))
    (fp_circle (center -2.18625 -1.855) (end -2.13625 -1.855) (layer F.Fab) (width 0.3))
    (fp_circle (center -3.5775 -1.92125) (end -3.5275 -1.92125) (layer F.SilkS) (width 0.3))
    (fp_line (start -2.9 2.5) (end 2.9 2.5) (layer F.SilkS) (width 0.127))
    (fp_line (start -2.9 -2.5) (end 2.9 -2.5) (layer F.SilkS) (width 0.127))
    (fp_line (start -2.9 2.5) (end -2.9 -2.5) (layer F.Fab) (width 0.127))
    (fp_line (start 2.9 2.5) (end -2.9 2.5) (layer F.Fab) (width 0.127))
    (fp_line (start 2.9 -2.5) (end 2.9 2.5) (layer F.Fab) (width 0.127))
    (fp_line (start -2.9 -2.5) (end 2.9 -2.5) (layer F.Fab) (width 0.127))
    (fp_poly (pts (xy -1.40935 -1.88) (xy -0.17375 -1.88) (xy -0.17375 -0.310132) (xy -1.40935 -0.310132)) (layer F.Paste) (width 0.01))
    (fp_poly (pts (xy 0.326775 -1.88) (xy 1.91125 -1.88) (xy 1.91125 -0.310499) (xy 0.326775 -0.310499)) (layer F.Paste) (width 0.01))
    (fp_poly (pts (xy -1.41095 0.31) (xy -0.17375 0.31) (xy -0.17375 1.88294) (xy -1.41095 1.88294)) (layer F.Paste) (width 0.01))
    (fp_poly (pts (xy 0.326582 0.31) (xy 1.91125 0.31) (xy 1.91125 1.88191) (xy 0.326582 1.88191)) (layer F.Paste) (width 0.01))
    (fp_poly (pts (xy 2.52718 -2.1675) (xy 3.02625 -2.1675) (xy 3.02625 -1.66811) (xy 2.52718 -1.66811)) (layer F.Paste) (width 0.01))
    (fp_poly (pts (xy 2.52846 -0.91) (xy 3.02625 -0.91) (xy 3.02625 -0.410358) (xy 2.52846 -0.410358)) (layer F.Paste) (width 0.01))
